[[0,16],[1,17],[2,18],[3,19],[4,20],[5,21],[6,22],[7,23],[8,24],[9,25],[10,26],[11,27],[12,28],[13,29],[14,30],[15,31]]
[[0,8],[1,9],[2,10],[3,11],[4,12],[5,13],[6,14],[7,15],[16,24],[17,25],[18,26],[19,27],[20,28],[21,29],[22,30],[23,31]]
[[8,16],[9,17],[10,18],[11,19],[12,20],[13,21],[14,22],[15,23],[0,4],[1,5],[2,6],[3,7],[24,28],[25,29],[26,30],[27,31]]
[[8,12],[9,13],[10,14],[11,15],[16,20],[17,21],[18,22],[19,23],[0,2],[1,3],[28,30],[29,31]]
[[4,16],[5,17],[6,18],[7,19],[12,24],[13,25],[14,26],[15,27],[0,1],[30,31]]
[[4,8],[5,9],[6,10],[7,11],[12,16],[13,17],[14,18],[15,19],[20,24],[21,25],[22,26],[23,27]]
[[4,6],[5,7],[8,10],[9,11],[12,14],[13,15],[16,18],[17,19],[20,22],[21,23],[24,26],[25,27]]
[[2,16],[3,17],[6,20],[7,21],[10,24],[11,25],[14,28],[15,29]]
[[2,8],[3,9],[6,12],[7,13],[10,16],[11,17],[14,20],[15,21],[18,24],[19,25],[22,28],[23,29]]
[[2,4],[3,5],[6,8],[7,9],[10,12],[11,13],[14,16],[15,17],[18,20],[19,21],[22,24],[23,25],[26,28],[27,29]]
[[2,3],[4,5],[6,7],[8,9],[10,11],[12,13],[14,15],[16,17],[18,19],[20,21],[22,23],[24,25],[26,27],[28,29]]
[[1,16],[3,18],[5,20],[7,22],[9,24],[11,26],[13,28],[15,30]]
[[1,8],[3,10],[5,12],[7,14],[9,16],[11,18],[13,20],[15,22],[17,24],[19,26],[21,28],[23,30]]
[[1,4],[3,6],[5,8],[7,10],[9,12],[11,14],[13,16],[15,18],[17,20],[19,22],[21,24],[23,26],[25,28],[27,30]]
[[1,2],[3,4],[5,6],[7,8],[9,10],[11,12],[13,14],[15,16],[17,18],[19,20],[21,22],[23,24],[25,26],[27,28],[29,30]]