[[0,1], [2,3], [4,5], [6,7], [8,9], [10,11], [12,13], [15,16],
[0,2], [1,3], [4,6], [5,7], [8,10], [9,11], [14,16],
[1,2], [5,6], [0,4], [3,7], [9,10], [14,15], [13,16],
[1,5], [2,6], [12,15], [11,16],
[1,4], [3,6], [12,14], [13,15], [7,16],
[2,4], [3,5], [13,14], [10,15],
[3,4], [8,13], [9,14], [11,15],
[8,12], [9,13], [11,14], [6,15],
[9,12], [10,13], [5,14], [7,15],
[10,12], [11,13], [0,9], [7,14],
[11,12], [0,8], [1,10], [4,13],
[1,9], [2,11], [3,12], [5,13],
[1,8], [3,11], [2,9], [6,13],
[2,8], [3,10], [7,13], [6,11],
[3,9], [5,10], [7,12],
[3,8], [4,9], [7,11],
[4,8], [5,9], [7,10],
[5,8], [6,9],
[6,8], [7,9],
[7,8]]
