[[0,1], [2,3], [4,5], [7,8], [9,10], [11,12], [13,14], [16,17],
[0,2], [1,3], [6,8], [9,11], [10,12], [15,17],
[1,2], [6,7], [5,8], [10,11], [15,16], [14,17],
[4,7], [3,8], [13,16], [12,17],
[4,6], [5,7], [13,15], [14,16], [8,17],
[5,6], [2,7], [14,15], [11,16],
[0,5], [1,6], [3,7], [9,14], [10,15], [12,16],
[0,4], [1,5], [3,6], [9,13], [10,14], [12,15], [7,16],
[1,4], [2,5], [10,13], [11,14], [0,9], [6,15], [8,16],
[2,4], [3,5], [11,13], [12,14], [1,10], [7,15],
[3,4], [12,13], [1,9], [2,11], [5,14], [8,15],
[3,12], [2,9], [4,13], [7,14],
[3,11], [5,13], [8,14],
[3,10], [6,13],
[3,9], [7,13], [5,10], [6,11],
[8,13], [4,9], [7,12],
[5,9], [8,12], [7,11],
[8,11], [6,9], [7,10],
[8,10], [7,9],
[8,9]]
