[[1,2], [4,5], [7,8], [10,11], [13,14], [16,17], [19,20], [21,22], [23,24],
[0,2], [3,5], [6,8], [9,11], [12,14], [15,17], [18,20], [21,23], [22,24],
[0,1], [3,4], [2,5], [6,7], [9,10], [8,11], [12,13], [15,16], [14,17], [18,19], [22,23], [20,24],
[0,3], [1,4], [6,9], [7,10], [5,11], [12,15], [13,16], [18,22], [19,23], [17,24],
[2,4], [1,3], [8,10], [7,9], [0,6], [14,16], [13,15], [18,21], [20,23], [11,24],
[2,3], [8,9], [1,7], [4,10], [14,15], [19,21], [20,22], [16,23],
[2,8], [1,6], [3,9], [5,10], [20,21], [12,19], [15,22], [17,23],
[2,7], [4,9], [12,18], [13,20], [14,21], [16,22], [10,23],
[2,6], [5,9], [4,7], [14,20], [13,18], [17,22], [11,23],
[3,6], [5,8], [14,19], [16,20], [17,21], [0,13], [9,22],
[5,7], [4,6], [14,18], [15,19], [17,20], [0,12], [8,21], [10,22],
[5,6], [15,18], [17,19], [1,14], [7,20], [11,22],
[16,18], [2,15], [1,12], [6,19], [8,20], [11,21],
[17,18], [2,14], [3,16], [7,19], [10,20],
[2,13], [4,17], [5,18], [8,19], [11,20],
[2,12], [5,17], [4,16], [3,13], [9,19],
[5,16], [3,12], [4,14], [10,19],
[5,15], [4,12], [11,19], [9,16], [10,17],
[5,14], [8,15], [11,18], [10,16],
[5,13], [7,14], [11,17],
[5,12], [6,13], [8,14], [11,16],
[6,12], [8,13], [10,14], [11,15],
[7,12], [9,13], [11,14],
[8,12], [11,13],
[9,12],
[10,12],
[11,12]]
