[[0,1], [2,3], [4,5], [7,8], [9,10], [12,13], [14,15], [17,18],
[0,2], [1,3], [6,8], [11,13], [16,18],
[1,2], [6,7], [5,8], [11,12], [10,13], [16,17], [15,18],
[4,7], [3,8], [9,12], [14,17], [13,18],
[4,6], [5,7], [9,11], [10,12], [14,16], [15,17], [8,18],
[5,6], [2,7], [10,11], [15,16], [9,14], [12,17],
[0,5], [1,6], [3,7], [10,15], [11,16], [13,17],
[0,4], [1,5], [3,6], [10,14], [12,16], [7,17],
[1,4], [2,5], [13,16], [11,14], [12,15], [0,10], [8,17],
[2,4], [3,5], [13,15], [12,14], [0,9], [1,11], [6,16],
[3,4], [13,14], [1,10], [2,12], [5,15], [7,16],
[1,9], [3,13], [2,10], [4,14], [8,16], [7,15],
[3,12], [2,9], [5,14], [8,15],
[3,11], [6,14],
[3,10], [7,14], [6,11],
[3,9], [8,14], [5,10], [7,12],
[4,9], [8,13], [7,11],
[5,9], [8,12], [7,10],
[8,11], [6,9],
[8,10], [7,9],
[8,9]]
