[[1,2], [3,4], [5,6], [7,8], [9,10], [11,12], [13,14], [16,17], [18,19], [20,21], [22,23], [24,25], [26,27], [28,29],
[0,2], [3,5], [4,6], [7,9], [8,10], [11,13], [12,14], [15,17], [18,20], [19,21], [22,24], [23,25], [26,28], [27,29],
[0,1], [4,5], [2,6], [8,9], [12,13], [7,11], [10,14], [15,16], [19,20], [17,21], [23,24], [27,28], [22,26], [25,29],
[0,4], [1,5], [8,12], [9,13], [6,14], [15,19], [16,20], [23,27], [24,28], [21,29],
[0,3], [2,5], [8,11], [10,13], [15,18], [17,20], [23,26], [25,28], [14,29],
[1,3], [2,4], [9,11], [10,12], [0,8], [5,13], [16,18], [17,19], [24,26], [25,27], [15,23], [20,28],
[2,3], [10,11], [0,7], [1,9], [4,12], [6,13], [17,18], [25,26], [15,22], [16,24], [19,27], [21,28],
[2,10], [1,7], [3,11], [6,12], [17,25], [16,22], [18,26], [21,27], [0,15], [13,28],
[2,9], [4,11], [17,24], [19,26], [1,16], [12,27], [14,28],
[2,8], [5,11], [17,23], [20,26], [1,15], [14,27],
[2,7], [6,11], [4,8], [5,9], [17,22], [21,26], [19,23], [20,24],
[3,7], [6,10], [18,22], [21,25], [2,17], [11,26],
[4,7], [6,9], [19,22], [21,24], [2,16], [3,18], [10,25], [12,26],
[5,7], [6,8], [20,22], [21,23], [2,15], [4,19], [9,24], [13,26],
[6,7], [21,22], [4,18], [5,20], [3,15], [8,23], [10,24], [14,26],
[6,21], [5,18], [4,16], [7,22], [10,23], [13,24], [14,25],
[6,20], [4,15], [5,17], [8,22], [12,23], [14,24],
[6,19], [5,15], [9,22], [14,23],
[6,18], [10,22],
[6,17], [11,22], [10,18],
[6,16], [12,22], [9,17], [11,19],
[6,15], [13,22], [8,16], [10,17], [12,20],
[14,22], [7,15], [10,16], [12,19], [13,21],
[8,15], [14,21], [13,19], [12,16],
[9,15], [14,20], [13,17],
[10,15], [14,19],
[11,15], [14,18],
[12,15], [14,17],
[13,15], [14,16],
[14,15]]
