[[0,1], [3,4], [5,6], [8,9], [10,11], [13,14], [15,16], [18,19],
[2,4], [7,9], [12,14], [17,19],
[2,3], [1,4], [7,8], [6,9], [12,13], [11,14], [17,18], [16,19],
[0,3], [5,8], [4,9], [10,13], [15,18], [14,19],
[0,2], [1,3], [5,7], [6,8], [10,12], [11,13], [15,17], [16,18], [9,19],
[1,2], [6,7], [0,5], [3,8], [11,12], [16,17], [10,15], [13,18],
[1,6], [2,7], [4,8], [11,16], [12,17], [14,18], [0,10],
[1,5], [3,7], [11,15], [13,17], [8,18],
[4,7], [2,5], [3,6], [14,17], [12,15], [13,16], [1,11], [9,18],
[4,6], [3,5], [14,16], [13,15], [1,10], [2,12], [7,17],
[4,5], [14,15], [3,13], [2,10], [6,16], [8,17],
[4,14], [3,12], [5,15], [9,17], [8,16],
[4,13], [3,11], [6,15], [9,16],
[4,12], [3,10], [7,15],
[4,11], [8,15], [7,12],
[4,10], [9,15], [6,11], [8,13],
[5,10], [9,14], [8,12],
[6,10], [9,13], [8,11],
[9,12], [7,10],
[9,11], [8,10],
[9,10]]
