[[0,1], [3,4], [6,7], [9,10], [12,13], [15,16], [18,19], [21,22],
[2,4], [5,7], [8,10], [11,13], [14,16], [17,19], [20,22],
[2,3], [1,4], [5,6], [8,9], [7,10], [11,12], [14,15], [13,16], [17,18], [20,21], [19,22],
[0,3], [5,8], [6,9], [4,10], [11,14], [12,15], [17,20], [18,21], [16,22],
[0,2], [1,3], [7,9], [6,8], [13,15], [12,14], [19,21], [18,20], [11,17], [10,22],
[1,2], [7,8], [0,6], [3,9], [13,14], [19,20], [12,18], [15,21],
[0,5], [1,7], [2,8], [4,9], [13,19], [12,17], [14,20], [16,21],
[1,6], [3,8], [13,18], [15,20], [0,12], [9,21],
[1,5], [4,8], [3,6], [13,17], [16,20], [15,18], [0,11], [10,21],
[2,5], [4,7], [14,17], [16,19], [1,13], [8,20],
[4,6], [3,5], [16,18], [15,17], [1,12], [2,14], [7,19], [9,20],
[4,5], [16,17], [1,11], [3,15], [6,18], [10,20],
[4,16], [3,14], [2,11], [5,17], [7,18], [10,19],
[4,15], [3,12], [6,17], [9,18],
[4,14], [3,11], [7,17], [10,18],
[4,13], [8,17],
[4,12], [9,17], [7,13], [8,14],
[4,11], [10,17], [6,12], [9,15],
[5,11], [7,12], [10,16], [9,14],
[6,11], [10,15], [9,12],
[7,11], [10,14],
[8,11], [10,13],
[10,12], [9,11],
[10,11]]
