[[1,2], [4,5], [7,8], [9,10], [11,12], [14,15], [17,18], [20,21], [22,23], [24,25],
[0,2], [3,5], [6,8], [9,11], [10,12], [13,15], [16,18], [19,21], [22,24], [23,25],
[0,1], [3,4], [2,5], [6,7], [10,11], [8,12], [13,14], [16,17], [15,18], [19,20], [23,24], [21,25],
[0,3], [1,4], [6,10], [7,11], [5,12], [13,16], [14,17], [19,23], [20,24], [18,25],
[2,4], [1,3], [6,9], [8,11], [15,17], [14,16], [19,22], [21,24], [12,25],
[2,3], [7,9], [8,10], [4,11], [15,16], [20,22], [21,23], [17,24],
[8,9], [0,7], [3,10], [5,11], [21,22], [13,20], [16,23], [18,24],
[0,6], [1,8], [2,9], [4,10], [13,19], [14,21], [15,22], [17,23], [11,24],
[2,8], [1,6], [5,10], [15,21], [14,19], [18,23], [0,13], [12,24],
[2,7], [4,8], [5,9], [15,20], [17,21], [18,22], [1,14], [10,23],
[2,6], [3,7], [5,8], [15,19], [16,20], [18,21], [1,13], [9,22], [12,23],
[3,6], [5,7], [16,19], [18,20], [2,15], [8,21], [10,22],
[4,6], [17,19], [2,14], [3,16], [7,20], [11,22],
[5,6], [18,19], [2,13], [4,17], [8,20], [12,22], [11,21],
[5,18], [4,16], [3,13], [6,19], [10,20], [12,21],
[5,17], [4,14], [7,19], [12,20],
[5,16], [4,13], [8,19],
[5,15], [9,19],
[5,14], [10,19], [8,15], [9,16],
[5,13], [11,19], [7,14], [10,17],
[12,19], [6,13], [8,14], [10,16], [11,18],
[7,13], [12,18], [11,16], [10,14],
[8,13], [12,17], [11,15],
[12,16], [9,13],
[10,13], [12,15],
[11,13], [12,14],
[12,13]]
