[[0,1], [3,4], [5,6], [8,9], [10,11], [13,14], [16,17], [19,20],
[2,4], [7,9], [12,14], [15,17], [18,20],
[2,3], [1,4], [7,8], [6,9], [12,13], [11,14], [15,16], [18,19], [17,20],
[0,3], [5,8], [4,9], [10,13], [15,18], [16,19], [14,20],
[0,2], [1,3], [5,7], [6,8], [10,12], [11,13], [17,19], [16,18], [9,20],
[1,2], [6,7], [0,5], [3,8], [11,12], [17,18], [10,16], [13,19],
[1,6], [2,7], [4,8], [10,15], [11,17], [12,18], [14,19],
[1,5], [3,7], [11,16], [13,18], [8,19],
[4,7], [2,5], [3,6], [11,15], [14,18], [13,16], [9,19],
[4,6], [3,5], [12,15], [14,17], [0,11], [7,18],
[4,5], [14,16], [13,15], [0,10], [1,12], [6,17], [8,18],
[14,15], [1,11], [2,13], [5,16], [9,18], [8,17],
[1,10], [3,14], [4,15], [6,16], [9,17],
[4,14], [3,13], [2,10], [7,16],
[4,13], [3,11], [8,16],
[4,12], [3,10], [9,16], [7,13], [8,14],
[4,11], [6,12], [9,15], [8,13],
[4,10], [5,11], [9,14],
[5,10], [6,11], [9,13],
[6,10], [8,11], [9,12],
[7,10], [9,11],
[8,10],
[9,10]]
