[[1,2], [3,4], [5,6], [8,9], [10,11], [12,13], [15,16], [17,18], [19,20], [22,23], [24,25], [26,27],
[0,2], [3,5], [4,6], [7,9], [10,12], [11,13], [14,16], [17,19], [18,20], [21,23], [24,26], [25,27],
[0,1], [4,5], [2,6], [7,8], [11,12], [9,13], [14,15], [18,19], [16,20], [21,22], [25,26], [23,27],
[0,4], [1,5], [7,11], [8,12], [6,13], [14,18], [15,19], [21,25], [22,26], [20,27],
[0,3], [2,5], [7,10], [9,12], [14,17], [16,19], [21,24], [23,26], [13,27],
[1,3], [2,4], [8,10], [9,11], [0,7], [5,12], [15,17], [16,18], [22,24], [23,25], [14,21], [19,26],
[2,3], [9,10], [1,8], [4,11], [6,12], [16,17], [23,24], [15,22], [18,25], [20,26], [0,14],
[2,9], [1,7], [3,10], [6,11], [16,23], [15,21], [17,24], [20,25], [12,26],
[2,8], [4,10], [16,22], [18,24], [1,15], [11,25], [13,26],
[2,7], [5,10], [4,8], [16,21], [19,24], [18,22], [1,14], [13,25],
[6,10], [3,7], [5,9], [20,24], [17,21], [19,23], [2,16],
[4,7], [6,9], [18,21], [20,23], [2,15], [3,17], [10,24],
[5,7], [6,8], [19,21], [20,22], [2,14], [4,18], [9,23], [11,24],
[6,7], [20,21], [4,17], [5,19], [3,14], [8,22], [12,24],
[6,20], [5,17], [4,15], [7,21], [9,22], [13,24], [12,23],
[6,19], [4,14], [5,16], [8,21], [11,22], [13,23],
[6,18], [5,14], [9,21], [13,22],
[6,17], [10,21],
[6,16], [11,21], [10,17],
[6,15], [12,21], [9,16], [11,18],
[6,14], [13,21], [8,15], [11,17], [12,19],
[7,14], [9,15], [13,20], [12,17],
[8,14], [13,19], [11,15], [12,16],
[9,14], [13,18],
[13,17], [10,14],
[11,14], [13,16],
[12,14], [13,15],
[13,14]]
