[[1,2], [3,4], [5,6], [8,9], [10,11], [12,13], [15,16], [17,18], [19,20], [21,22], [23,24], [25,26], [27,28],
[0,2], [3,5], [4,6], [7,9], [10,12], [11,13], [14,16], [17,19], [18,20], [21,23], [22,24], [25,27], [26,28],
[0,1], [4,5], [2,6], [7,8], [11,12], [9,13], [14,15], [18,19], [16,20], [22,23], [26,27], [21,25], [24,28],
[0,4], [1,5], [7,11], [8,12], [6,13], [14,18], [15,19], [22,26], [23,27], [20,28],
[0,3], [2,5], [7,10], [9,12], [14,17], [16,19], [22,25], [24,27], [13,28],
[1,3], [2,4], [8,10], [9,11], [0,7], [5,12], [15,17], [16,18], [23,25], [24,26], [14,22], [19,27],
[2,3], [9,10], [1,8], [4,11], [6,12], [16,17], [24,25], [14,21], [15,23], [18,26], [20,27],
[2,9], [1,7], [3,10], [6,11], [16,24], [15,21], [17,25], [20,26], [12,27],
[2,8], [4,10], [16,23], [18,25], [0,15], [11,26], [13,27],
[2,7], [5,10], [4,8], [16,22], [19,25], [0,14], [13,26],
[6,10], [3,7], [5,9], [16,21], [20,25], [18,22], [19,23],
[4,7], [6,9], [17,21], [20,24], [1,16], [10,25],
[5,7], [6,8], [18,21], [20,23], [2,17], [1,14], [9,24], [11,25],
[6,7], [19,21], [20,22], [2,16], [3,18], [8,23], [12,25],
[20,21], [2,15], [4,19], [7,22], [9,23], [13,25], [12,24],
[2,14], [4,18], [5,20], [6,21], [8,22], [11,23], [13,24],
[6,20], [5,18], [3,14], [4,15], [9,22], [13,23],
[6,19], [4,14], [5,16], [10,22],
[6,18], [5,14], [11,22],
[6,17], [12,22], [10,18], [11,19],
[6,16], [13,22], [9,17], [11,18], [12,20],
[6,15], [8,16], [13,21], [12,18],
[6,14], [7,15], [9,16], [13,20],
[7,14], [9,15], [13,19], [12,16],
[8,14], [13,18], [11,15],
[9,14], [13,17],
[10,14], [13,16],
[11,14], [13,15],
[12,14],
[13,14]]
