[[0,1], [3,4], [6,7], [9,10], [11,12], [14,15], [17,18], [20,21],
[2,4], [5,7], [8,10], [13,15], [16,18], [19,21],
[2,3], [1,4], [5,6], [8,9], [7,10], [13,14], [12,15], [16,17], [19,20], [18,21],
[0,3], [5,8], [6,9], [4,10], [11,14], [16,19], [17,20], [15,21],
[0,2], [1,3], [7,9], [6,8], [11,13], [12,14], [18,20], [17,19], [10,21],
[1,2], [7,8], [0,6], [3,9], [12,13], [18,19], [11,17], [14,20],
[0,5], [1,7], [2,8], [4,9], [11,16], [12,18], [13,19], [15,20],
[1,6], [3,8], [12,17], [14,19], [0,11], [9,20],
[1,5], [4,8], [3,6], [12,16], [15,19], [14,17], [10,20],
[2,5], [4,7], [13,16], [15,18], [1,12], [8,19],
[4,6], [3,5], [15,17], [14,16], [1,11], [2,13], [7,18], [9,19],
[4,5], [15,16], [3,14], [2,11], [6,17], [10,19],
[4,15], [3,13], [5,16], [7,17], [10,18],
[4,14], [3,12], [6,16], [9,17],
[4,13], [3,11], [7,16], [10,17],
[4,12], [8,16], [7,13],
[4,11], [9,16], [6,12], [8,14],
[10,16], [5,11], [7,12], [9,15],
[6,11], [10,15], [9,14],
[7,11], [10,14], [9,12],
[8,11], [10,13],
[10,12], [9,11],
[10,11]]
