[[1,2], [4,5], [7,8], [10,11], [13,14], [16,17], [19,20], [22,23],
[0,2], [3,5], [6,8], [9,11], [12,14], [15,17], [18,20], [21,23],
[0,1], [3,4], [2,5], [6,7], [9,10], [8,11], [12,13], [15,16], [14,17], [18,19], [21,22], [20,23],
[0,3], [1,4], [6,9], [7,10], [5,11], [12,15], [13,16], [18,21], [19,22], [17,23],
[2,4], [1,3], [8,10], [7,9], [0,6], [14,16], [13,15], [20,22], [19,21], [12,18], [11,23],
[2,3], [8,9], [1,7], [4,10], [14,15], [20,21], [13,19], [16,22], [0,12],
[2,8], [1,6], [3,9], [5,10], [14,20], [13,18], [15,21], [17,22],
[2,7], [4,9], [14,19], [16,21], [1,13], [10,22],
[2,6], [5,9], [4,7], [14,18], [17,21], [16,19], [1,12], [11,22],
[3,6], [5,8], [15,18], [17,20], [2,14], [9,21],
[5,7], [4,6], [17,19], [16,18], [2,13], [3,15], [8,20], [10,21],
[5,6], [17,18], [2,12], [4,16], [7,19], [11,21],
[5,17], [4,15], [3,12], [6,18], [8,19], [11,20],
[5,16], [4,13], [7,18], [10,19],
[5,15], [4,12], [8,18], [11,19],
[5,14], [9,18],
[5,13], [10,18], [8,14], [9,15],
[5,12], [11,18], [7,13], [10,16],
[6,12], [8,13], [11,17], [10,15],
[7,12], [11,16], [10,13],
[8,12], [11,15],
[9,12], [11,14],
[11,13], [10,12],
[11,12]]
