[[1,2], [3,4], [5,6], [7,8], [9,10], [11,12], [13,14], [15,16], [17,18], [19,20], [21,22], [23,24], [25,26], [27,28], [29,30],
[0,2], [3,5], [4,6], [7,9], [8,10], [11,13], [12,14], [15,17], [16,18], [19,21], [20,22], [23,25], [24,26], [27,29], [28,30],
[0,1], [4,5], [2,6], [8,9], [12,13], [7,11], [10,14], [16,17], [20,21], [15,19], [18,22], [24,25], [28,29], [23,27], [26,30],
[0,4], [1,5], [8,12], [9,13], [6,14], [16,20], [17,21], [24,28], [25,29], [15,23], [22,30],
[0,3], [2,5], [8,11], [10,13], [16,19], [18,21], [24,27], [26,29], [14,30],
[1,3], [2,4], [9,11], [10,12], [0,8], [5,13], [17,19], [18,20], [25,27], [26,28], [16,24], [21,29],
[2,3], [10,11], [0,7], [1,9], [4,12], [6,13], [18,19], [26,27], [16,23], [17,25], [20,28], [22,29],
[2,10], [1,7], [3,11], [6,12], [18,26], [17,23], [19,27], [22,28], [0,16], [13,29],
[2,9], [4,11], [18,25], [20,27], [0,15], [1,17], [12,28], [14,29],
[2,8], [5,11], [18,24], [21,27], [1,15], [14,28],
[2,7], [6,11], [4,8], [5,9], [18,23], [22,27], [20,24], [21,25],
[3,7], [6,10], [19,23], [22,26], [2,18], [11,27],
[4,7], [6,9], [20,23], [22,25], [2,17], [3,19], [10,26], [12,27],
[5,7], [6,8], [21,23], [22,24], [2,16], [4,20], [9,25], [13,27],
[6,7], [22,23], [2,15], [4,19], [5,21], [8,24], [10,25], [14,27],
[6,22], [5,19], [3,15], [4,16], [7,23], [10,24], [13,25], [14,26],
[6,21], [4,15], [5,17], [8,23], [12,24], [14,25],
[6,20], [5,15], [9,23], [14,24],
[6,19], [10,23],
[6,18], [11,23],
[6,17], [12,23], [10,18], [11,19],
[6,16], [13,23], [9,17], [12,20],
[6,15], [14,23], [8,16], [10,17], [12,19], [13,21],
[7,15], [10,16], [14,22], [13,19],
[8,15], [14,21], [12,16], [13,17],
[9,15], [14,20],
[10,15], [14,19],
[11,15], [14,18],
[12,15], [14,17],
[13,15], [14,16],
[14,15]]
