[[0,16], [1,17], [2,10], [3,11], [4,12], [5,13], [6,14], [7,15],
[0,8], [1,9], [2,6], [3,7], [10,14], [11,15],
[8,16], [9,17], [0,4], [1,5], [6,10], [7,11],
[8,12], [9,13], [4,16], [5,17], [0,2], [1,3],
[4,8], [5,9], [12,16], [13,17], [0,1],
[4,6], [5,7], [8,10], [9,11], [12,14], [13,15], [2,16], [3,17],
[2,8], [3,9], [6,12], [7,13], [10,16], [11,17],
[2,4], [3,5], [6,8], [7,9], [10,12], [11,13], [14,16], [15,17],
[2,3], [4,5], [6,7], [8,9], [10,11], [12,13], [14,15], [16,17],
[1,16], [3,10], [5,12], [7,14],
[1,8], [9,16], [3,6], [7,10], [11,14],
[1,4], [5,8], [9,12], [13,16],
[1,2], [3,4], [5,6], [7,8], [9,10], [11,12], [13,14], [15,16]]
