[[0,16], [1,9], [2,10], [3,11], [4,12], [5,13], [6,14], [7,15],
[0,8], [1,5], [2,6], [3,7], [9,13], [10,14], [11,15],
[8,16], [0,4], [5,9], [6,10], [7,11], [1,3], [13,15],
[8,12], [4,16], [0,2], [5,7], [9,11],
[4,8], [12,16], [3,9], [7,13], [0,1],
[4,6], [8,10], [12,14], [2,16], [3,5], [7,9], [11,13],
[2,8], [6,12], [10,16],
[2,4], [6,8], [10,12], [14,16],
[2,3], [4,5], [6,7], [8,9], [10,11], [12,13], [14,15], [1,16],
[1,8], [3,10], [5,12], [7,14], [9,16],
[1,4], [3,6], [5,8], [7,10], [9,12], [11,14], [13,16],
[1,2], [3,4], [5,6], [7,8], [9,10], [11,12], [13,14], [15,16]]
