----------------------------------------------------------------------
Mask: 0xb4
Old : [31, 26, 25, 24, 27, 30, 29, 28, 19, 18, 17, 16, 23, 22, 21, 20, 11, 10, 9, 8, 15, 14, 13, 12, 3, 2, 1, 0, 7, 6, 5, 4]
New : [19, 18, 17, 16, 23, 22, 21, 20, 31, 26, 25, 24, 27, 30, 29, 28, 11, 10, 9, 8, 15, 14, 13, 12, 3, 2, 1, 0, 7, 6, 5, 4]
----------------------------------------------------------------------
----------------------------------------------------------------------
Mask: 0xd8
Old : [31, 26, 25, 24, 27, 30, 29, 28, 19, 18, 17, 16, 23, 22, 21, 20, 11, 10, 9, 8, 15, 14, 13, 12, 3, 2, 1, 0, 7, 6, 5, 4]
New : [31, 26, 25, 24, 27, 30, 29, 28, 11, 10, 9, 8, 15, 14, 13, 12, 19, 18, 17, 16, 23, 22, 21, 20, 3, 2, 1, 0, 7, 6, 5, 4]
----------------------------------------------------------------------
----------------------------------------------------------------------
Mask: 0x78
Old : [31, 26, 25, 24, 27, 30, 29, 28, 19, 18, 17, 16, 23, 22, 21, 20, 11, 10, 9, 8, 15, 14, 13, 12, 3, 2, 1, 0, 7, 6, 5, 4]
New : [11, 10, 9, 8, 15, 14, 13, 12, 31, 26, 25, 24, 27, 30, 29, 28, 19, 18, 17, 16, 23, 22, 21, 20, 3, 2, 1, 0, 7, 6, 5, 4]
----------------------------------------------------------------------
----------------------------------------------------------------------
Mask: 0x9c
Old : [31, 26, 25, 24, 27, 30, 29, 28, 19, 18, 17, 16, 23, 22, 21, 20, 11, 10, 9, 8, 15, 14, 13, 12, 3, 2, 1, 0, 7, 6, 5, 4]
New : [19, 18, 17, 16, 23, 22, 21, 20, 11, 10, 9, 8, 15, 14, 13, 12, 31, 26, 25, 24, 27, 30, 29, 28, 3, 2, 1, 0, 7, 6, 5, 4]
----------------------------------------------------------------------
----------------------------------------------------------------------
Mask: 0x6c
Old : [31, 26, 25, 24, 27, 30, 29, 28, 19, 18, 17, 16, 23, 22, 21, 20, 11, 10, 9, 8, 15, 14, 13, 12, 3, 2, 1, 0, 7, 6, 5, 4]
New : [11, 10, 9, 8, 15, 14, 13, 12, 19, 18, 17, 16, 23, 22, 21, 20, 31, 26, 25, 24, 27, 30, 29, 28, 3, 2, 1, 0, 7, 6, 5, 4]
----------------------------------------------------------------------
----------------------------------------------------------------------
Mask: 0xe1
Old : [31, 26, 25, 24, 27, 30, 29, 28, 19, 18, 17, 16, 23, 22, 21, 20, 11, 10, 9, 8, 15, 14, 13, 12, 3, 2, 1, 0, 7, 6, 5, 4]
New : [31, 26, 25, 24, 27, 30, 29, 28, 19, 18, 17, 16, 23, 22, 21, 20, 3, 2, 1, 0, 7, 6, 5, 4, 11, 10, 9, 8, 15, 14, 13, 12]
----------------------------------------------------------------------
----------------------------------------------------------------------
Mask: 0xb1
Old : [31, 26, 25, 24, 27, 30, 29, 28, 19, 18, 17, 16, 23, 22, 21, 20, 11, 10, 9, 8, 15, 14, 13, 12, 3, 2, 1, 0, 7, 6, 5, 4]
New : [19, 18, 17, 16, 23, 22, 21, 20, 31, 26, 25, 24, 27, 30, 29, 28, 3, 2, 1, 0, 7, 6, 5, 4, 11, 10, 9, 8, 15, 14, 13, 12]
----------------------------------------------------------------------
----------------------------------------------------------------------
Mask: 0xc9
Old : [31, 26, 25, 24, 27, 30, 29, 28, 19, 18, 17, 16, 23, 22, 21, 20, 11, 10, 9, 8, 15, 14, 13, 12, 3, 2, 1, 0, 7, 6, 5, 4]
New : [31, 26, 25, 24, 27, 30, 29, 28, 3, 2, 1, 0, 7, 6, 5, 4, 19, 18, 17, 16, 23, 22, 21, 20, 11, 10, 9, 8, 15, 14, 13, 12]
----------------------------------------------------------------------
----------------------------------------------------------------------
Mask: 0x39
Old : [31, 26, 25, 24, 27, 30, 29, 28, 19, 18, 17, 16, 23, 22, 21, 20, 11, 10, 9, 8, 15, 14, 13, 12, 3, 2, 1, 0, 7, 6, 5, 4]
New : [3, 2, 1, 0, 7, 6, 5, 4, 31, 26, 25, 24, 27, 30, 29, 28, 19, 18, 17, 16, 23, 22, 21, 20, 11, 10, 9, 8, 15, 14, 13, 12]
----------------------------------------------------------------------
----------------------------------------------------------------------
Mask: 0x8d
Old : [31, 26, 25, 24, 27, 30, 29, 28, 19, 18, 17, 16, 23, 22, 21, 20, 11, 10, 9, 8, 15, 14, 13, 12, 3, 2, 1, 0, 7, 6, 5, 4]
New : [19, 18, 17, 16, 23, 22, 21, 20, 3, 2, 1, 0, 7, 6, 5, 4, 31, 26, 25, 24, 27, 30, 29, 28, 11, 10, 9, 8, 15, 14, 13, 12]
----------------------------------------------------------------------
----------------------------------------------------------------------
Mask: 0x2d
Old : [31, 26, 25, 24, 27, 30, 29, 28, 19, 18, 17, 16, 23, 22, 21, 20, 11, 10, 9, 8, 15, 14, 13, 12, 3, 2, 1, 0, 7, 6, 5, 4]
New : [3, 2, 1, 0, 7, 6, 5, 4, 19, 18, 17, 16, 23, 22, 21, 20, 31, 26, 25, 24, 27, 30, 29, 28, 11, 10, 9, 8, 15, 14, 13, 12]
----------------------------------------------------------------------
----------------------------------------------------------------------
Mask: 0xd2
Old : [31, 26, 25, 24, 27, 30, 29, 28, 19, 18, 17, 16, 23, 22, 21, 20, 11, 10, 9, 8, 15, 14, 13, 12, 3, 2, 1, 0, 7, 6, 5, 4]
New : [31, 26, 25, 24, 27, 30, 29, 28, 11, 10, 9, 8, 15, 14, 13, 12, 3, 2, 1, 0, 7, 6, 5, 4, 19, 18, 17, 16, 23, 22, 21, 20]
----------------------------------------------------------------------
----------------------------------------------------------------------
Mask: 0x72
Old : [31, 26, 25, 24, 27, 30, 29, 28, 19, 18, 17, 16, 23, 22, 21, 20, 11, 10, 9, 8, 15, 14, 13, 12, 3, 2, 1, 0, 7, 6, 5, 4]
New : [11, 10, 9, 8, 15, 14, 13, 12, 31, 26, 25, 24, 27, 30, 29, 28, 3, 2, 1, 0, 7, 6, 5, 4, 19, 18, 17, 16, 23, 22, 21, 20]
----------------------------------------------------------------------
----------------------------------------------------------------------
Mask: 0xc6
Old : [31, 26, 25, 24, 27, 30, 29, 28, 19, 18, 17, 16, 23, 22, 21, 20, 11, 10, 9, 8, 15, 14, 13, 12, 3, 2, 1, 0, 7, 6, 5, 4]
New : [31, 26, 25, 24, 27, 30, 29, 28, 3, 2, 1, 0, 7, 6, 5, 4, 11, 10, 9, 8, 15, 14, 13, 12, 19, 18, 17, 16, 23, 22, 21, 20]
----------------------------------------------------------------------
----------------------------------------------------------------------
Mask: 0x36
Old : [31, 26, 25, 24, 27, 30, 29, 28, 19, 18, 17, 16, 23, 22, 21, 20, 11, 10, 9, 8, 15, 14, 13, 12, 3, 2, 1, 0, 7, 6, 5, 4]
New : [3, 2, 1, 0, 7, 6, 5, 4, 31, 26, 25, 24, 27, 30, 29, 28, 11, 10, 9, 8, 15, 14, 13, 12, 19, 18, 17, 16, 23, 22, 21, 20]
----------------------------------------------------------------------
----------------------------------------------------------------------
Mask: 0x4e
Old : [31, 26, 25, 24, 27, 30, 29, 28, 19, 18, 17, 16, 23, 22, 21, 20, 11, 10, 9, 8, 15, 14, 13, 12, 3, 2, 1, 0, 7, 6, 5, 4]
New : [11, 10, 9, 8, 15, 14, 13, 12, 3, 2, 1, 0, 7, 6, 5, 4, 31, 26, 25, 24, 27, 30, 29, 28, 19, 18, 17, 16, 23, 22, 21, 20]
----------------------------------------------------------------------
----------------------------------------------------------------------
Mask: 0x1e
Old : [31, 26, 25, 24, 27, 30, 29, 28, 19, 18, 17, 16, 23, 22, 21, 20, 11, 10, 9, 8, 15, 14, 13, 12, 3, 2, 1, 0, 7, 6, 5, 4]
New : [3, 2, 1, 0, 7, 6, 5, 4, 11, 10, 9, 8, 15, 14, 13, 12, 31, 26, 25, 24, 27, 30, 29, 28, 19, 18, 17, 16, 23, 22, 21, 20]
----------------------------------------------------------------------
----------------------------------------------------------------------
Mask: 0x93
Old : [31, 26, 25, 24, 27, 30, 29, 28, 19, 18, 17, 16, 23, 22, 21, 20, 11, 10, 9, 8, 15, 14, 13, 12, 3, 2, 1, 0, 7, 6, 5, 4]
New : [19, 18, 17, 16, 23, 22, 21, 20, 11, 10, 9, 8, 15, 14, 13, 12, 3, 2, 1, 0, 7, 6, 5, 4, 31, 26, 25, 24, 27, 30, 29, 28]
----------------------------------------------------------------------
----------------------------------------------------------------------
Mask: 0x63
Old : [31, 26, 25, 24, 27, 30, 29, 28, 19, 18, 17, 16, 23, 22, 21, 20, 11, 10, 9, 8, 15, 14, 13, 12, 3, 2, 1, 0, 7, 6, 5, 4]
New : [11, 10, 9, 8, 15, 14, 13, 12, 19, 18, 17, 16, 23, 22, 21, 20, 3, 2, 1, 0, 7, 6, 5, 4, 31, 26, 25, 24, 27, 30, 29, 28]
----------------------------------------------------------------------
----------------------------------------------------------------------
Mask: 0x87
Old : [31, 26, 25, 24, 27, 30, 29, 28, 19, 18, 17, 16, 23, 22, 21, 20, 11, 10, 9, 8, 15, 14, 13, 12, 3, 2, 1, 0, 7, 6, 5, 4]
New : [19, 18, 17, 16, 23, 22, 21, 20, 3, 2, 1, 0, 7, 6, 5, 4, 11, 10, 9, 8, 15, 14, 13, 12, 31, 26, 25, 24, 27, 30, 29, 28]
----------------------------------------------------------------------
----------------------------------------------------------------------
Mask: 0x27
Old : [31, 26, 25, 24, 27, 30, 29, 28, 19, 18, 17, 16, 23, 22, 21, 20, 11, 10, 9, 8, 15, 14, 13, 12, 3, 2, 1, 0, 7, 6, 5, 4]
New : [3, 2, 1, 0, 7, 6, 5, 4, 19, 18, 17, 16, 23, 22, 21, 20, 11, 10, 9, 8, 15, 14, 13, 12, 31, 26, 25, 24, 27, 30, 29, 28]
----------------------------------------------------------------------
----------------------------------------------------------------------
Mask: 0x4b
Old : [31, 26, 25, 24, 27, 30, 29, 28, 19, 18, 17, 16, 23, 22, 21, 20, 11, 10, 9, 8, 15, 14, 13, 12, 3, 2, 1, 0, 7, 6, 5, 4]
New : [11, 10, 9, 8, 15, 14, 13, 12, 3, 2, 1, 0, 7, 6, 5, 4, 19, 18, 17, 16, 23, 22, 21, 20, 31, 26, 25, 24, 27, 30, 29, 28]
----------------------------------------------------------------------
----------------------------------------------------------------------
Mask: 0x1b
Old : [31, 26, 25, 24, 27, 30, 29, 28, 19, 18, 17, 16, 23, 22, 21, 20, 11, 10, 9, 8, 15, 14, 13, 12, 3, 2, 1, 0, 7, 6, 5, 4]
New : [3, 2, 1, 0, 7, 6, 5, 4, 11, 10, 9, 8, 15, 14, 13, 12, 19, 18, 17, 16, 23, 22, 21, 20, 31, 26, 25, 24, 27, 30, 29, 28]
----------------------------------------------------------------------
----------------------------------------------------------------------
Mask: 0xb4
Old : [31, 28, 29, 30, 25, 24, 27, 26, 21, 20, 23, 22, 17, 16, 19, 18, 13, 12, 15, 14, 9, 8, 11, 10, 5, 4, 7, 6, 1, 0, 3, 2]
New : [21, 20, 23, 22, 17, 16, 19, 18, 31, 28, 29, 30, 25, 24, 27, 26, 13, 12, 15, 14, 9, 8, 11, 10, 5, 4, 7, 6, 1, 0, 3, 2]
----------------------------------------------------------------------
----------------------------------------------------------------------
Mask: 0xd8
Old : [31, 28, 29, 30, 25, 24, 27, 26, 21, 20, 23, 22, 17, 16, 19, 18, 13, 12, 15, 14, 9, 8, 11, 10, 5, 4, 7, 6, 1, 0, 3, 2]
New : [31, 28, 29, 30, 25, 24, 27, 26, 13, 12, 15, 14, 9, 8, 11, 10, 21, 20, 23, 22, 17, 16, 19, 18, 5, 4, 7, 6, 1, 0, 3, 2]
----------------------------------------------------------------------
----------------------------------------------------------------------
Mask: 0x78
Old : [31, 28, 29, 30, 25, 24, 27, 26, 21, 20, 23, 22, 17, 16, 19, 18, 13, 12, 15, 14, 9, 8, 11, 10, 5, 4, 7, 6, 1, 0, 3, 2]
New : [13, 12, 15, 14, 9, 8, 11, 10, 31, 28, 29, 30, 25, 24, 27, 26, 21, 20, 23, 22, 17, 16, 19, 18, 5, 4, 7, 6, 1, 0, 3, 2]
----------------------------------------------------------------------
----------------------------------------------------------------------
Mask: 0x9c
Old : [31, 28, 29, 30, 25, 24, 27, 26, 21, 20, 23, 22, 17, 16, 19, 18, 13, 12, 15, 14, 9, 8, 11, 10, 5, 4, 7, 6, 1, 0, 3, 2]
New : [21, 20, 23, 22, 17, 16, 19, 18, 13, 12, 15, 14, 9, 8, 11, 10, 31, 28, 29, 30, 25, 24, 27, 26, 5, 4, 7, 6, 1, 0, 3, 2]
----------------------------------------------------------------------
----------------------------------------------------------------------
Mask: 0x6c
Old : [31, 28, 29, 30, 25, 24, 27, 26, 21, 20, 23, 22, 17, 16, 19, 18, 13, 12, 15, 14, 9, 8, 11, 10, 5, 4, 7, 6, 1, 0, 3, 2]
New : [13, 12, 15, 14, 9, 8, 11, 10, 21, 20, 23, 22, 17, 16, 19, 18, 31, 28, 29, 30, 25, 24, 27, 26, 5, 4, 7, 6, 1, 0, 3, 2]
----------------------------------------------------------------------
----------------------------------------------------------------------
Mask: 0xe1
Old : [31, 28, 29, 30, 25, 24, 27, 26, 21, 20, 23, 22, 17, 16, 19, 18, 13, 12, 15, 14, 9, 8, 11, 10, 5, 4, 7, 6, 1, 0, 3, 2]
New : [31, 28, 29, 30, 25, 24, 27, 26, 21, 20, 23, 22, 17, 16, 19, 18, 5, 4, 7, 6, 1, 0, 3, 2, 13, 12, 15, 14, 9, 8, 11, 10]
----------------------------------------------------------------------
----------------------------------------------------------------------
Mask: 0xb1
Old : [31, 28, 29, 30, 25, 24, 27, 26, 21, 20, 23, 22, 17, 16, 19, 18, 13, 12, 15, 14, 9, 8, 11, 10, 5, 4, 7, 6, 1, 0, 3, 2]
New : [21, 20, 23, 22, 17, 16, 19, 18, 31, 28, 29, 30, 25, 24, 27, 26, 5, 4, 7, 6, 1, 0, 3, 2, 13, 12, 15, 14, 9, 8, 11, 10]
----------------------------------------------------------------------
----------------------------------------------------------------------
Mask: 0xc9
Old : [31, 28, 29, 30, 25, 24, 27, 26, 21, 20, 23, 22, 17, 16, 19, 18, 13, 12, 15, 14, 9, 8, 11, 10, 5, 4, 7, 6, 1, 0, 3, 2]
New : [31, 28, 29, 30, 25, 24, 27, 26, 5, 4, 7, 6, 1, 0, 3, 2, 21, 20, 23, 22, 17, 16, 19, 18, 13, 12, 15, 14, 9, 8, 11, 10]
----------------------------------------------------------------------
----------------------------------------------------------------------
Mask: 0x39
Old : [31, 28, 29, 30, 25, 24, 27, 26, 21, 20, 23, 22, 17, 16, 19, 18, 13, 12, 15, 14, 9, 8, 11, 10, 5, 4, 7, 6, 1, 0, 3, 2]
New : [5, 4, 7, 6, 1, 0, 3, 2, 31, 28, 29, 30, 25, 24, 27, 26, 21, 20, 23, 22, 17, 16, 19, 18, 13, 12, 15, 14, 9, 8, 11, 10]
----------------------------------------------------------------------
----------------------------------------------------------------------
Mask: 0x8d
Old : [31, 28, 29, 30, 25, 24, 27, 26, 21, 20, 23, 22, 17, 16, 19, 18, 13, 12, 15, 14, 9, 8, 11, 10, 5, 4, 7, 6, 1, 0, 3, 2]
New : [21, 20, 23, 22, 17, 16, 19, 18, 5, 4, 7, 6, 1, 0, 3, 2, 31, 28, 29, 30, 25, 24, 27, 26, 13, 12, 15, 14, 9, 8, 11, 10]
----------------------------------------------------------------------
----------------------------------------------------------------------
Mask: 0x2d
Old : [31, 28, 29, 30, 25, 24, 27, 26, 21, 20, 23, 22, 17, 16, 19, 18, 13, 12, 15, 14, 9, 8, 11, 10, 5, 4, 7, 6, 1, 0, 3, 2]
New : [5, 4, 7, 6, 1, 0, 3, 2, 21, 20, 23, 22, 17, 16, 19, 18, 31, 28, 29, 30, 25, 24, 27, 26, 13, 12, 15, 14, 9, 8, 11, 10]
----------------------------------------------------------------------
----------------------------------------------------------------------
Mask: 0xd2
Old : [31, 28, 29, 30, 25, 24, 27, 26, 21, 20, 23, 22, 17, 16, 19, 18, 13, 12, 15, 14, 9, 8, 11, 10, 5, 4, 7, 6, 1, 0, 3, 2]
New : [31, 28, 29, 30, 25, 24, 27, 26, 13, 12, 15, 14, 9, 8, 11, 10, 5, 4, 7, 6, 1, 0, 3, 2, 21, 20, 23, 22, 17, 16, 19, 18]
----------------------------------------------------------------------
----------------------------------------------------------------------
Mask: 0x72
Old : [31, 28, 29, 30, 25, 24, 27, 26, 21, 20, 23, 22, 17, 16, 19, 18, 13, 12, 15, 14, 9, 8, 11, 10, 5, 4, 7, 6, 1, 0, 3, 2]
New : [13, 12, 15, 14, 9, 8, 11, 10, 31, 28, 29, 30, 25, 24, 27, 26, 5, 4, 7, 6, 1, 0, 3, 2, 21, 20, 23, 22, 17, 16, 19, 18]
----------------------------------------------------------------------
----------------------------------------------------------------------
Mask: 0xc6
Old : [31, 28, 29, 30, 25, 24, 27, 26, 21, 20, 23, 22, 17, 16, 19, 18, 13, 12, 15, 14, 9, 8, 11, 10, 5, 4, 7, 6, 1, 0, 3, 2]
New : [31, 28, 29, 30, 25, 24, 27, 26, 5, 4, 7, 6, 1, 0, 3, 2, 13, 12, 15, 14, 9, 8, 11, 10, 21, 20, 23, 22, 17, 16, 19, 18]
----------------------------------------------------------------------
----------------------------------------------------------------------
Mask: 0x36
Old : [31, 28, 29, 30, 25, 24, 27, 26, 21, 20, 23, 22, 17, 16, 19, 18, 13, 12, 15, 14, 9, 8, 11, 10, 5, 4, 7, 6, 1, 0, 3, 2]
New : [5, 4, 7, 6, 1, 0, 3, 2, 31, 28, 29, 30, 25, 24, 27, 26, 13, 12, 15, 14, 9, 8, 11, 10, 21, 20, 23, 22, 17, 16, 19, 18]
----------------------------------------------------------------------
----------------------------------------------------------------------
Mask: 0x4e
Old : [31, 28, 29, 30, 25, 24, 27, 26, 21, 20, 23, 22, 17, 16, 19, 18, 13, 12, 15, 14, 9, 8, 11, 10, 5, 4, 7, 6, 1, 0, 3, 2]
New : [13, 12, 15, 14, 9, 8, 11, 10, 5, 4, 7, 6, 1, 0, 3, 2, 31, 28, 29, 30, 25, 24, 27, 26, 21, 20, 23, 22, 17, 16, 19, 18]
----------------------------------------------------------------------
----------------------------------------------------------------------
Mask: 0x1e
Old : [31, 28, 29, 30, 25, 24, 27, 26, 21, 20, 23, 22, 17, 16, 19, 18, 13, 12, 15, 14, 9, 8, 11, 10, 5, 4, 7, 6, 1, 0, 3, 2]
New : [5, 4, 7, 6, 1, 0, 3, 2, 13, 12, 15, 14, 9, 8, 11, 10, 31, 28, 29, 30, 25, 24, 27, 26, 21, 20, 23, 22, 17, 16, 19, 18]
----------------------------------------------------------------------
----------------------------------------------------------------------
Mask: 0x93
Old : [31, 28, 29, 30, 25, 24, 27, 26, 21, 20, 23, 22, 17, 16, 19, 18, 13, 12, 15, 14, 9, 8, 11, 10, 5, 4, 7, 6, 1, 0, 3, 2]
New : [21, 20, 23, 22, 17, 16, 19, 18, 13, 12, 15, 14, 9, 8, 11, 10, 5, 4, 7, 6, 1, 0, 3, 2, 31, 28, 29, 30, 25, 24, 27, 26]
----------------------------------------------------------------------
----------------------------------------------------------------------
Mask: 0x63
Old : [31, 28, 29, 30, 25, 24, 27, 26, 21, 20, 23, 22, 17, 16, 19, 18, 13, 12, 15, 14, 9, 8, 11, 10, 5, 4, 7, 6, 1, 0, 3, 2]
New : [13, 12, 15, 14, 9, 8, 11, 10, 21, 20, 23, 22, 17, 16, 19, 18, 5, 4, 7, 6, 1, 0, 3, 2, 31, 28, 29, 30, 25, 24, 27, 26]
----------------------------------------------------------------------
----------------------------------------------------------------------
Mask: 0x87
Old : [31, 28, 29, 30, 25, 24, 27, 26, 21, 20, 23, 22, 17, 16, 19, 18, 13, 12, 15, 14, 9, 8, 11, 10, 5, 4, 7, 6, 1, 0, 3, 2]
New : [21, 20, 23, 22, 17, 16, 19, 18, 5, 4, 7, 6, 1, 0, 3, 2, 13, 12, 15, 14, 9, 8, 11, 10, 31, 28, 29, 30, 25, 24, 27, 26]
----------------------------------------------------------------------
----------------------------------------------------------------------
Mask: 0x27
Old : [31, 28, 29, 30, 25, 24, 27, 26, 21, 20, 23, 22, 17, 16, 19, 18, 13, 12, 15, 14, 9, 8, 11, 10, 5, 4, 7, 6, 1, 0, 3, 2]
New : [5, 4, 7, 6, 1, 0, 3, 2, 21, 20, 23, 22, 17, 16, 19, 18, 13, 12, 15, 14, 9, 8, 11, 10, 31, 28, 29, 30, 25, 24, 27, 26]
----------------------------------------------------------------------
----------------------------------------------------------------------
Mask: 0x4b
Old : [31, 28, 29, 30, 25, 24, 27, 26, 21, 20, 23, 22, 17, 16, 19, 18, 13, 12, 15, 14, 9, 8, 11, 10, 5, 4, 7, 6, 1, 0, 3, 2]
New : [13, 12, 15, 14, 9, 8, 11, 10, 5, 4, 7, 6, 1, 0, 3, 2, 21, 20, 23, 22, 17, 16, 19, 18, 31, 28, 29, 30, 25, 24, 27, 26]
----------------------------------------------------------------------
----------------------------------------------------------------------
Mask: 0x1b
Old : [31, 28, 29, 30, 25, 24, 27, 26, 21, 20, 23, 22, 17, 16, 19, 18, 13, 12, 15, 14, 9, 8, 11, 10, 5, 4, 7, 6, 1, 0, 3, 2]
New : [5, 4, 7, 6, 1, 0, 3, 2, 13, 12, 15, 14, 9, 8, 11, 10, 21, 20, 23, 22, 17, 16, 19, 18, 31, 28, 29, 30, 25, 24, 27, 26]
----------------------------------------------------------------------
----------------------------------------------------------------------
Mask: 0xb4
Old : [31, 30, 28, 29, 26, 27, 24, 25, 22, 23, 20, 21, 18, 19, 16, 17, 14, 15, 12, 13, 10, 11, 8, 9, 6, 7, 4, 5, 2, 3, 0, 1]
New : [22, 23, 20, 21, 18, 19, 16, 17, 31, 30, 28, 29, 26, 27, 24, 25, 14, 15, 12, 13, 10, 11, 8, 9, 6, 7, 4, 5, 2, 3, 0, 1]
----------------------------------------------------------------------
----------------------------------------------------------------------
Mask: 0xd8
Old : [31, 30, 28, 29, 26, 27, 24, 25, 22, 23, 20, 21, 18, 19, 16, 17, 14, 15, 12, 13, 10, 11, 8, 9, 6, 7, 4, 5, 2, 3, 0, 1]
New : [31, 30, 28, 29, 26, 27, 24, 25, 14, 15, 12, 13, 10, 11, 8, 9, 22, 23, 20, 21, 18, 19, 16, 17, 6, 7, 4, 5, 2, 3, 0, 1]
----------------------------------------------------------------------
----------------------------------------------------------------------
Mask: 0x78
Old : [31, 30, 28, 29, 26, 27, 24, 25, 22, 23, 20, 21, 18, 19, 16, 17, 14, 15, 12, 13, 10, 11, 8, 9, 6, 7, 4, 5, 2, 3, 0, 1]
New : [14, 15, 12, 13, 10, 11, 8, 9, 31, 30, 28, 29, 26, 27, 24, 25, 22, 23, 20, 21, 18, 19, 16, 17, 6, 7, 4, 5, 2, 3, 0, 1]
----------------------------------------------------------------------
----------------------------------------------------------------------
Mask: 0x9c
Old : [31, 30, 28, 29, 26, 27, 24, 25, 22, 23, 20, 21, 18, 19, 16, 17, 14, 15, 12, 13, 10, 11, 8, 9, 6, 7, 4, 5, 2, 3, 0, 1]
New : [22, 23, 20, 21, 18, 19, 16, 17, 14, 15, 12, 13, 10, 11, 8, 9, 31, 30, 28, 29, 26, 27, 24, 25, 6, 7, 4, 5, 2, 3, 0, 1]
----------------------------------------------------------------------
----------------------------------------------------------------------
Mask: 0x6c
Old : [31, 30, 28, 29, 26, 27, 24, 25, 22, 23, 20, 21, 18, 19, 16, 17, 14, 15, 12, 13, 10, 11, 8, 9, 6, 7, 4, 5, 2, 3, 0, 1]
New : [14, 15, 12, 13, 10, 11, 8, 9, 22, 23, 20, 21, 18, 19, 16, 17, 31, 30, 28, 29, 26, 27, 24, 25, 6, 7, 4, 5, 2, 3, 0, 1]
----------------------------------------------------------------------
----------------------------------------------------------------------
Mask: 0xe1
Old : [31, 30, 28, 29, 26, 27, 24, 25, 22, 23, 20, 21, 18, 19, 16, 17, 14, 15, 12, 13, 10, 11, 8, 9, 6, 7, 4, 5, 2, 3, 0, 1]
New : [31, 30, 28, 29, 26, 27, 24, 25, 22, 23, 20, 21, 18, 19, 16, 17, 6, 7, 4, 5, 2, 3, 0, 1, 14, 15, 12, 13, 10, 11, 8, 9]
----------------------------------------------------------------------
----------------------------------------------------------------------
Mask: 0xb1
Old : [31, 30, 28, 29, 26, 27, 24, 25, 22, 23, 20, 21, 18, 19, 16, 17, 14, 15, 12, 13, 10, 11, 8, 9, 6, 7, 4, 5, 2, 3, 0, 1]
New : [22, 23, 20, 21, 18, 19, 16, 17, 31, 30, 28, 29, 26, 27, 24, 25, 6, 7, 4, 5, 2, 3, 0, 1, 14, 15, 12, 13, 10, 11, 8, 9]
----------------------------------------------------------------------
----------------------------------------------------------------------
Mask: 0xc9
Old : [31, 30, 28, 29, 26, 27, 24, 25, 22, 23, 20, 21, 18, 19, 16, 17, 14, 15, 12, 13, 10, 11, 8, 9, 6, 7, 4, 5, 2, 3, 0, 1]
New : [31, 30, 28, 29, 26, 27, 24, 25, 6, 7, 4, 5, 2, 3, 0, 1, 22, 23, 20, 21, 18, 19, 16, 17, 14, 15, 12, 13, 10, 11, 8, 9]
----------------------------------------------------------------------
----------------------------------------------------------------------
Mask: 0x39
Old : [31, 30, 28, 29, 26, 27, 24, 25, 22, 23, 20, 21, 18, 19, 16, 17, 14, 15, 12, 13, 10, 11, 8, 9, 6, 7, 4, 5, 2, 3, 0, 1]
New : [6, 7, 4, 5, 2, 3, 0, 1, 31, 30, 28, 29, 26, 27, 24, 25, 22, 23, 20, 21, 18, 19, 16, 17, 14, 15, 12, 13, 10, 11, 8, 9]
----------------------------------------------------------------------
----------------------------------------------------------------------
Mask: 0x8d
Old : [31, 30, 28, 29, 26, 27, 24, 25, 22, 23, 20, 21, 18, 19, 16, 17, 14, 15, 12, 13, 10, 11, 8, 9, 6, 7, 4, 5, 2, 3, 0, 1]
New : [22, 23, 20, 21, 18, 19, 16, 17, 6, 7, 4, 5, 2, 3, 0, 1, 31, 30, 28, 29, 26, 27, 24, 25, 14, 15, 12, 13, 10, 11, 8, 9]
----------------------------------------------------------------------
----------------------------------------------------------------------
Mask: 0x2d
Old : [31, 30, 28, 29, 26, 27, 24, 25, 22, 23, 20, 21, 18, 19, 16, 17, 14, 15, 12, 13, 10, 11, 8, 9, 6, 7, 4, 5, 2, 3, 0, 1]
New : [6, 7, 4, 5, 2, 3, 0, 1, 22, 23, 20, 21, 18, 19, 16, 17, 31, 30, 28, 29, 26, 27, 24, 25, 14, 15, 12, 13, 10, 11, 8, 9]
----------------------------------------------------------------------
----------------------------------------------------------------------
Mask: 0xd2
Old : [31, 30, 28, 29, 26, 27, 24, 25, 22, 23, 20, 21, 18, 19, 16, 17, 14, 15, 12, 13, 10, 11, 8, 9, 6, 7, 4, 5, 2, 3, 0, 1]
New : [31, 30, 28, 29, 26, 27, 24, 25, 14, 15, 12, 13, 10, 11, 8, 9, 6, 7, 4, 5, 2, 3, 0, 1, 22, 23, 20, 21, 18, 19, 16, 17]
----------------------------------------------------------------------
----------------------------------------------------------------------
Mask: 0x72
Old : [31, 30, 28, 29, 26, 27, 24, 25, 22, 23, 20, 21, 18, 19, 16, 17, 14, 15, 12, 13, 10, 11, 8, 9, 6, 7, 4, 5, 2, 3, 0, 1]
New : [14, 15, 12, 13, 10, 11, 8, 9, 31, 30, 28, 29, 26, 27, 24, 25, 6, 7, 4, 5, 2, 3, 0, 1, 22, 23, 20, 21, 18, 19, 16, 17]
----------------------------------------------------------------------
----------------------------------------------------------------------
Mask: 0xc6
Old : [31, 30, 28, 29, 26, 27, 24, 25, 22, 23, 20, 21, 18, 19, 16, 17, 14, 15, 12, 13, 10, 11, 8, 9, 6, 7, 4, 5, 2, 3, 0, 1]
New : [31, 30, 28, 29, 26, 27, 24, 25, 6, 7, 4, 5, 2, 3, 0, 1, 14, 15, 12, 13, 10, 11, 8, 9, 22, 23, 20, 21, 18, 19, 16, 17]
----------------------------------------------------------------------
----------------------------------------------------------------------
Mask: 0x36
Old : [31, 30, 28, 29, 26, 27, 24, 25, 22, 23, 20, 21, 18, 19, 16, 17, 14, 15, 12, 13, 10, 11, 8, 9, 6, 7, 4, 5, 2, 3, 0, 1]
New : [6, 7, 4, 5, 2, 3, 0, 1, 31, 30, 28, 29, 26, 27, 24, 25, 14, 15, 12, 13, 10, 11, 8, 9, 22, 23, 20, 21, 18, 19, 16, 17]
----------------------------------------------------------------------
----------------------------------------------------------------------
Mask: 0x4e
Old : [31, 30, 28, 29, 26, 27, 24, 25, 22, 23, 20, 21, 18, 19, 16, 17, 14, 15, 12, 13, 10, 11, 8, 9, 6, 7, 4, 5, 2, 3, 0, 1]
New : [14, 15, 12, 13, 10, 11, 8, 9, 6, 7, 4, 5, 2, 3, 0, 1, 31, 30, 28, 29, 26, 27, 24, 25, 22, 23, 20, 21, 18, 19, 16, 17]
----------------------------------------------------------------------
----------------------------------------------------------------------
Mask: 0x1e
Old : [31, 30, 28, 29, 26, 27, 24, 25, 22, 23, 20, 21, 18, 19, 16, 17, 14, 15, 12, 13, 10, 11, 8, 9, 6, 7, 4, 5, 2, 3, 0, 1]
New : [6, 7, 4, 5, 2, 3, 0, 1, 14, 15, 12, 13, 10, 11, 8, 9, 31, 30, 28, 29, 26, 27, 24, 25, 22, 23, 20, 21, 18, 19, 16, 17]
----------------------------------------------------------------------
----------------------------------------------------------------------
Mask: 0x93
Old : [31, 30, 28, 29, 26, 27, 24, 25, 22, 23, 20, 21, 18, 19, 16, 17, 14, 15, 12, 13, 10, 11, 8, 9, 6, 7, 4, 5, 2, 3, 0, 1]
New : [22, 23, 20, 21, 18, 19, 16, 17, 14, 15, 12, 13, 10, 11, 8, 9, 6, 7, 4, 5, 2, 3, 0, 1, 31, 30, 28, 29, 26, 27, 24, 25]
----------------------------------------------------------------------
----------------------------------------------------------------------
Mask: 0x63
Old : [31, 30, 28, 29, 26, 27, 24, 25, 22, 23, 20, 21, 18, 19, 16, 17, 14, 15, 12, 13, 10, 11, 8, 9, 6, 7, 4, 5, 2, 3, 0, 1]
New : [14, 15, 12, 13, 10, 11, 8, 9, 22, 23, 20, 21, 18, 19, 16, 17, 6, 7, 4, 5, 2, 3, 0, 1, 31, 30, 28, 29, 26, 27, 24, 25]
----------------------------------------------------------------------
----------------------------------------------------------------------
Mask: 0x87
Old : [31, 30, 28, 29, 26, 27, 24, 25, 22, 23, 20, 21, 18, 19, 16, 17, 14, 15, 12, 13, 10, 11, 8, 9, 6, 7, 4, 5, 2, 3, 0, 1]
New : [22, 23, 20, 21, 18, 19, 16, 17, 6, 7, 4, 5, 2, 3, 0, 1, 14, 15, 12, 13, 10, 11, 8, 9, 31, 30, 28, 29, 26, 27, 24, 25]
----------------------------------------------------------------------
----------------------------------------------------------------------
Mask: 0x27
Old : [31, 30, 28, 29, 26, 27, 24, 25, 22, 23, 20, 21, 18, 19, 16, 17, 14, 15, 12, 13, 10, 11, 8, 9, 6, 7, 4, 5, 2, 3, 0, 1]
New : [6, 7, 4, 5, 2, 3, 0, 1, 22, 23, 20, 21, 18, 19, 16, 17, 14, 15, 12, 13, 10, 11, 8, 9, 31, 30, 28, 29, 26, 27, 24, 25]
----------------------------------------------------------------------
----------------------------------------------------------------------
Mask: 0x4b
Old : [31, 30, 28, 29, 26, 27, 24, 25, 22, 23, 20, 21, 18, 19, 16, 17, 14, 15, 12, 13, 10, 11, 8, 9, 6, 7, 4, 5, 2, 3, 0, 1]
New : [14, 15, 12, 13, 10, 11, 8, 9, 6, 7, 4, 5, 2, 3, 0, 1, 22, 23, 20, 21, 18, 19, 16, 17, 31, 30, 28, 29, 26, 27, 24, 25]
----------------------------------------------------------------------
----------------------------------------------------------------------
Mask: 0x1b
Old : [31, 30, 28, 29, 26, 27, 24, 25, 22, 23, 20, 21, 18, 19, 16, 17, 14, 15, 12, 13, 10, 11, 8, 9, 6, 7, 4, 5, 2, 3, 0, 1]
New : [6, 7, 4, 5, 2, 3, 0, 1, 14, 15, 12, 13, 10, 11, 8, 9, 22, 23, 20, 21, 18, 19, 16, 17, 31, 30, 28, 29, 26, 27, 24, 25]
----------------------------------------------------------------------
#ifndef _SIMD_SORT_Bitonic_31_uint8_t_H_
#define _SIMD_SORT_Bitonic_31_uint8_t_H_

/*

Sorting Network Information:
	Sort Size                        : 31
	Underlying Sort Type             : uint8_t
	Network Generation Algorithm     : Bitonic
	Network Depth                    : 15
	SIMD Instructions                : 7 / 134
	SIMD Type                        : __m256i
	SIMD Instruction Set(s) Used     : AVX2, AVX
	SIMD Instruction Set(s) Excluded : AVX512*
	Aligned Load & Store             : False
	Full Load & Store                : False

Performance Notes:
1) If you are sorting an array where there IS valid memory up to 
   the nearest sizeof a SIMD register, you will get an improvement enable
   "EXTRA_MEMORY" (this turns on "Full Load & Store". Note that enabling
   "Full Load & Store" will not modify any of the memory not being sorted.

2) If your sort size is not a power of 2 you are likely running into 
   less efficient instructions. This is especially noticable when sorting
   8 bit and 16 bit values. If rounding you sort size up to the next
   power of 2 will not cost any additional depth it almost definetly
   worth doing so. The "Best" Network Algorithm automatically does this
   in many cases.

3) There are two optimization settings, "Optimization.SPACE" and 
   "Optimization.UOP". The former will essentially break ties by picking
   the instruction that uses less memory (i.e doesn't have to store
   a register's initializing in memory. The latter will break ties but
   simply selecting whatever instructions use the least UOPs. Which
   is best is probably application dependent. Note that while "Optimization.SPACE"
   will save .rodata memory it will often cost more in .text memory.

 */

#include <immintrin.h>
#include <stdint.h>

typedef uint16_t _aliasing_int16_t_ __attribute__((aligned(1), may_alias));


/* SIMD Sort */
__m256i __attribute__((const)) Bitonic_31_uint8_t_vec(__m256i v) {

__m256i _tmp2 = _mm256_permute4x64_epi64(v, 0x4e);
__m256i _tmp3 = _mm256_shuffle_epi8(v, _mm256_set_epi8(15, 13, 14, 11, 12, 9, 10, 7, 8, 5, 6, 3, 4, 1, 2, 128, 128, 13, 14, 11, 12, 9, 10, 7, 8, 5, 6, 3, 4, 1, 2, 0));
__m256i _tmp4 = _mm256_shuffle_epi8(_tmp2, _mm256_set_epi8(128, 128, 128, 128, 128, 128, 128, 128, 128, 128, 128, 128, 128, 128, 128, 15, 0, 128, 128, 128, 128, 128, 128, 128, 128, 128, 128, 128, 128, 128, 128, 128));
__m256i perm0 = _mm256_or_si256(_tmp3, _tmp4);
__m256i min0 = _mm256_min_epu8(v, perm0);
__m256i max0 = _mm256_max_epu8(v, perm0);
__m256i v0 = _mm256_blendv_epi8(max0, min0, _mm256_set_epi8(0, 0, 128, 0, 128, 0, 128, 0, 128, 0, 128, 0, 128, 0, 128, 0, 128, 0, 128, 0, 128, 0, 128, 0, 128, 0, 128, 0, 128, 0, 128, 0));

__m256i _tmp5 = _mm256_permute4x64_epi64(v0, 0x4e);
__m256i _tmp6 = _mm256_shuffle_epi8(v0, _mm256_set_epi8(15, 11, 12, 13, 14, 7, 8, 9, 10, 3, 4, 5, 6, 128, 0, 1, 128, 11, 12, 13, 14, 7, 8, 9, 10, 3, 4, 5, 6, 2, 0, 1));
__m256i _tmp7 = _mm256_shuffle_epi8(_tmp5, _mm256_set_epi8(128, 128, 128, 128, 128, 128, 128, 128, 128, 128, 128, 128, 128, 15, 128, 128, 2, 128, 128, 128, 128, 128, 128, 128, 128, 128, 128, 128, 128, 128, 128, 128));
__m256i perm1 = _mm256_or_si256(_tmp6, _tmp7);
__m256i min1 = _mm256_min_epu8(v0, perm1);
__m256i max1 = _mm256_max_epu8(v0, perm1);
__m256i v1 = _mm256_blendv_epi8(max1, min1, _mm256_set_epi8(0, 0, 0, 128, 128, 0, 0, 128, 128, 0, 0, 128, 128, 0, 0, 128, 128, 0, 0, 128, 128, 0, 0, 128, 128, 0, 0, 128, 128, 0, 0, 128));

__m256i _tmp8 = _mm256_permute4x64_epi64(v1, 0x4e);
__m256i _tmp9 = _mm256_shuffle_epi8(v1, _mm256_set_epi8(15, 13, 14, 11, 12, 9, 10, 7, 8, 5, 6, 3, 4, 1, 2, 128, 128, 13, 14, 11, 12, 9, 10, 7, 8, 5, 6, 3, 4, 1, 2, 0));
__m256i _tmp10 = _mm256_shuffle_epi8(_tmp8, _mm256_set_epi8(128, 128, 128, 128, 128, 128, 128, 128, 128, 128, 128, 128, 128, 128, 128, 15, 0, 128, 128, 128, 128, 128, 128, 128, 128, 128, 128, 128, 128, 128, 128, 128));
__m256i perm2 = _mm256_or_si256(_tmp9, _tmp10);
__m256i min2 = _mm256_min_epu8(v1, perm2);
__m256i max2 = _mm256_max_epu8(v1, perm2);
__m256i v2 = _mm256_blendv_epi8(max2, min2, _mm256_set_epi8(0, 0, 128, 0, 128, 0, 128, 0, 128, 0, 128, 0, 128, 0, 128, 0, 128, 0, 128, 0, 128, 0, 128, 0, 128, 0, 128, 0, 128, 0, 128, 0));

__m256i _tmp11 = _mm256_permute4x64_epi64(v2, 0x4e);
__m256i _tmp12 = _mm256_shuffle_epi8(v2, _mm256_set_epi8(15, 7, 8, 9, 10, 11, 12, 13, 14, 128, 0, 1, 2, 3, 4, 5, 128, 7, 8, 9, 10, 11, 12, 13, 14, 0, 1, 2, 3, 4, 5, 6));
__m256i _tmp13 = _mm256_shuffle_epi8(_tmp11, _mm256_set_epi8(128, 128, 128, 128, 128, 128, 128, 128, 128, 15, 128, 128, 128, 128, 128, 128, 6, 128, 128, 128, 128, 128, 128, 128, 128, 128, 128, 128, 128, 128, 128, 128));
__m256i perm3 = _mm256_or_si256(_tmp12, _tmp13);
__m256i min3 = _mm256_min_epu8(v2, perm3);
__m256i max3 = _mm256_max_epu8(v2, perm3);
__m256i v3 = _mm256_blendv_epi8(max3, min3, _mm256_set_epi8(0, 0, 0, 0, 0, 128, 128, 128, 128, 0, 0, 0, 0, 128, 128, 128, 128, 0, 0, 0, 0, 128, 128, 128, 128, 0, 0, 0, 0, 128, 128, 128));

__m256i _tmp14 = _mm256_permute4x64_epi64(v3, 0x4e);
__m256i _tmp15 = _mm256_shuffle_epi8(v3, _mm256_set_epi8(15, 12, 11, 14, 13, 8, 7, 10, 9, 4, 3, 6, 5, 0, 128, 2, 128, 12, 11, 14, 13, 8, 7, 10, 9, 4, 5, 6, 1, 0, 3, 2));
__m256i _tmp16 = _mm256_shuffle_epi8(_tmp14, _mm256_set_epi8(128, 128, 128, 128, 128, 128, 128, 128, 128, 128, 128, 128, 128, 128, 15, 128, 1, 128, 128, 128, 128, 128, 128, 128, 128, 128, 128, 128, 128, 128, 128, 128));
__m256i perm4 = _mm256_or_si256(_tmp15, _tmp16);
__m256i min4 = _mm256_min_epu8(v3, perm4);
__m256i max4 = _mm256_max_epu8(v3, perm4);
__m256i v4 = _mm256_blendv_epi8(max4, min4, _mm256_set_epi8(0, 0, 0, 128, 128, 0, 0, 128, 128, 0, 0, 128, 128, 0, 0, 128, 128, 0, 0, 128, 128, 0, 0, 128, 128, 0, 0, 128, 0, 0, 128, 128));

__m256i _tmp17 = _mm256_permute4x64_epi64(v4, 0x4e);
__m256i _tmp18 = _mm256_shuffle_epi8(v4, _mm256_set_epi8(15, 13, 14, 11, 12, 9, 10, 7, 8, 5, 6, 3, 4, 1, 2, 128, 128, 13, 14, 11, 12, 9, 10, 7, 8, 6, 4, 5, 2, 3, 0, 1));
__m256i _tmp19 = _mm256_shuffle_epi8(_tmp17, _mm256_set_epi8(128, 128, 128, 128, 128, 128, 128, 128, 128, 128, 128, 128, 128, 128, 128, 15, 0, 128, 128, 128, 128, 128, 128, 128, 128, 128, 128, 128, 128, 128, 128, 128));
__m256i perm5 = _mm256_or_si256(_tmp18, _tmp19);
__m256i min5 = _mm256_min_epu8(v4, perm5);
__m256i max5 = _mm256_max_epu8(v4, perm5);
__m256i v5 = _mm256_blendv_epi8(max5, min5, _mm256_set_epi8(0, 0, 128, 0, 128, 0, 128, 0, 128, 0, 128, 0, 128, 0, 128, 0, 128, 0, 128, 0, 128, 0, 128, 0, 128, 0, 0, 128, 0, 128, 0, 128));

__m256i _tmp20 = _mm256_permute4x64_epi64(v5, 0x4e);
__m256i _tmp21 = _mm256_shuffle_epi8(v5, _mm256_set_epi8(15, 128, 0, 1, 2, 3, 4, 5, 6, 7, 8, 9, 10, 11, 12, 13, 128, 14, 0, 1, 2, 3, 4, 5, 6, 7, 8, 9, 10, 11, 12, 13));
__m256i _tmp22 = _mm256_shuffle_epi8(_tmp20, _mm256_set_epi8(128, 15, 128, 128, 128, 128, 128, 128, 128, 128, 128, 128, 128, 128, 128, 128, 14, 128, 128, 128, 128, 128, 128, 128, 128, 128, 128, 128, 128, 128, 128, 128));
__m256i perm6 = _mm256_or_si256(_tmp21, _tmp22);
__m256i min6 = _mm256_min_epu8(v5, perm6);
__m256i max6 = _mm256_max_epu8(v5, perm6);
__m256i v6 = _mm256_blendv_epi8(max6, min6, _mm256_set_epi8(0, 0, 0, 0, 0, 0, 0, 0, 0, 128, 128, 128, 128, 128, 128, 128, 128, 0, 0, 0, 0, 0, 0, 0, 0, 128, 128, 128, 128, 128, 128, 128));

__m256i _tmp23 = _mm256_permute4x64_epi64(v6, 0x4e);
__m256i _tmp24 = _mm256_shuffle_epi8(v6, _mm256_set_epi8(15, 10, 9, 8, 7, 14, 13, 12, 11, 2, 1, 0, 128, 6, 5, 4, 128, 10, 9, 8, 7, 14, 13, 12, 11, 2, 1, 0, 3, 6, 5, 4));
__m256i _tmp25 = _mm256_shuffle_epi8(_tmp23, _mm256_set_epi8(128, 128, 128, 128, 128, 128, 128, 128, 128, 128, 128, 128, 15, 128, 128, 128, 3, 128, 128, 128, 128, 128, 128, 128, 128, 128, 128, 128, 128, 128, 128, 128));
__m256i perm7 = _mm256_or_si256(_tmp24, _tmp25);
__m256i min7 = _mm256_min_epu8(v6, perm7);
__m256i max7 = _mm256_max_epu8(v6, perm7);
__m256i v7 = _mm256_blendv_epi8(max7, min7, _mm256_set_epi8(0, 0, 0, 0, 0, 128, 128, 128, 128, 0, 0, 0, 0, 128, 128, 128, 128, 0, 0, 0, 0, 128, 128, 128, 128, 0, 0, 0, 0, 128, 128, 128));

__m256i _tmp26 = _mm256_permute4x64_epi64(v7, 0x4e);
__m256i _tmp27 = _mm256_shuffle_epi8(v7, _mm256_set_epi8(15, 12, 11, 14, 13, 8, 7, 10, 9, 4, 3, 6, 5, 0, 128, 2, 128, 12, 11, 14, 13, 8, 7, 10, 9, 4, 3, 6, 5, 0, 1, 2));
__m256i _tmp28 = _mm256_shuffle_epi8(_tmp26, _mm256_set_epi8(128, 128, 128, 128, 128, 128, 128, 128, 128, 128, 128, 128, 128, 128, 15, 128, 1, 128, 128, 128, 128, 128, 128, 128, 128, 128, 128, 128, 128, 128, 128, 128));
__m256i perm8 = _mm256_or_si256(_tmp27, _tmp28);
__m256i min8 = _mm256_min_epu8(v7, perm8);
__m256i max8 = _mm256_max_epu8(v7, perm8);
__m256i v8 = _mm256_blendv_epi8(max8, min8, _mm256_set_epi8(0, 0, 0, 128, 128, 0, 0, 128, 128, 0, 0, 128, 128, 0, 0, 128, 128, 0, 0, 128, 128, 0, 0, 128, 128, 0, 0, 128, 128, 0, 0, 128));

__m256i _tmp29 = _mm256_permute4x64_epi64(v8, 0x4e);
__m256i _tmp30 = _mm256_shuffle_epi8(v8, _mm256_set_epi8(15, 13, 14, 11, 12, 9, 10, 7, 8, 5, 6, 3, 4, 1, 2, 128, 128, 13, 14, 11, 12, 9, 10, 7, 8, 5, 6, 3, 4, 1, 2, 0));
__m256i _tmp31 = _mm256_shuffle_epi8(_tmp29, _mm256_set_epi8(128, 128, 128, 128, 128, 128, 128, 128, 128, 128, 128, 128, 128, 128, 128, 15, 0, 128, 128, 128, 128, 128, 128, 128, 128, 128, 128, 128, 128, 128, 128, 128));
__m256i perm9 = _mm256_or_si256(_tmp30, _tmp31);
__m256i min9 = _mm256_min_epu8(v8, perm9);
__m256i max9 = _mm256_max_epu8(v8, perm9);
__m256i v9 = _mm256_blendv_epi8(max9, min9, _mm256_set_epi8(0, 0, 128, 0, 128, 0, 128, 0, 128, 0, 128, 0, 128, 0, 128, 0, 128, 0, 128, 0, 128, 0, 128, 0, 128, 0, 128, 0, 128, 0, 128, 0));

__m256i _tmp32 = _mm256_permute4x64_epi64(v9, 0x4e);
__m256i _tmp33 = _mm256_shuffle_epi8(v9, _mm256_set_epi8(15, 128, 128, 128, 128, 128, 128, 128, 128, 128, 128, 128, 128, 128, 128, 128, 15, 128, 128, 128, 128, 128, 128, 128, 128, 128, 128, 128, 128, 128, 128, 128));
__m256i _tmp34 = _mm256_shuffle_epi8(_tmp32, _mm256_set_epi8(128, 0, 1, 2, 3, 4, 5, 6, 7, 8, 9, 10, 11, 12, 13, 14, 128, 0, 1, 2, 3, 4, 5, 6, 7, 8, 9, 10, 11, 12, 13, 14));
__m256i perm10 = _mm256_or_si256(_tmp33, _tmp34);
__m256i min10 = _mm256_min_epu8(v9, perm10);
__m256i max10 = _mm256_max_epu8(v9, perm10);
__m256i v10 = _mm256_blendv_epi8(max10, min10, _mm256_set_epi8(0, 0, 0, 0, 0, 0, 0, 0, 0, 0, 0, 0, 0, 0, 0, 0, 0, 128, 128, 128, 128, 128, 128, 128, 128, 128, 128, 128, 128, 128, 128, 128));

__m256i perm11 = _mm256_shuffle_epi8(v10, _mm256_set_epi8(31, 22, 21, 20, 19, 18, 17, 16, 23, 30, 29, 28, 27, 26, 25, 24, 7, 6, 5, 4, 3, 2, 1, 0, 15, 14, 13, 12, 11, 10, 9, 8));
__m256i min11 = _mm256_min_epu8(v10, perm11);
__m256i max11 = _mm256_max_epu8(v10, perm11);
__m256i v11 = _mm256_blendv_epi8(max11, min11, _mm256_set_epi8(0, 0, 0, 0, 0, 0, 0, 0, 0, 128, 128, 128, 128, 128, 128, 128, 0, 0, 0, 0, 0, 0, 0, 0, 128, 128, 128, 128, 128, 128, 128, 128));

__m256i perm12 = _mm256_shuffle_epi8(v11, _mm256_set_epi8(31, 26, 25, 24, 27, 30, 29, 28, 19, 18, 17, 16, 23, 22, 21, 20, 11, 10, 9, 8, 15, 14, 13, 12, 3, 2, 1, 0, 7, 6, 5, 4));
__m256i min12 = _mm256_min_epu8(v11, perm12);
__m256i max12 = _mm256_max_epu8(v11, perm12);
__m256i v12 = _mm256_blendv_epi8(max12, min12, _mm256_set_epi8(0, 0, 0, 0, 0, 128, 128, 128, 0, 0, 0, 0, 128, 128, 128, 128, 0, 0, 0, 0, 128, 128, 128, 128, 0, 0, 0, 0, 128, 128, 128, 128));

__m256i perm13 = _mm256_shuffle_epi8(v12, _mm256_set_epi8(31, 28, 29, 30, 25, 24, 27, 26, 21, 20, 23, 22, 17, 16, 19, 18, 13, 12, 15, 14, 9, 8, 11, 10, 5, 4, 7, 6, 1, 0, 3, 2));
__m256i min13 = _mm256_min_epu8(v12, perm13);
__m256i max13 = _mm256_max_epu8(v12, perm13);
__m256i v13 = _mm256_blendv_epi8(max13, min13, _mm256_set_epi8(0, 0, 0, 128, 0, 0, 128, 128, 0, 0, 128, 128, 0, 0, 128, 128, 0, 0, 128, 128, 0, 0, 128, 128, 0, 0, 128, 128, 0, 0, 128, 128));

__m256i perm14 = _mm256_shuffle_epi8(v13, _mm256_set_epi8(31, 30, 28, 29, 26, 27, 24, 25, 22, 23, 20, 21, 18, 19, 16, 17, 14, 15, 12, 13, 10, 11, 8, 9, 6, 7, 4, 5, 2, 3, 0, 1));
__m256i min14 = _mm256_min_epu8(v13, perm14);
__m256i max14 = _mm256_max_epu8(v13, perm14);
__m256i v14 = _mm256_blendv_epi8(max14, min14, _mm256_set_epi8(0, 0, 0, 128, 0, 128, 0, 128, 0, 128, 0, 128, 0, 128, 0, 128, 0, 128, 0, 128, 0, 128, 0, 128, 0, 128, 0, 128, 0, 128, 0, 128));

return v14;
}



/* Wrapper For SIMD Sort */
void inline __attribute__((always_inline)) Bitonic_31_uint8_t(uint8_t * const arr) {

__m256i _tmp0 = _mm256_set_epi8(uint8_t(0xff), 0, 0, 0, 0, 0, 0, 0, 0, 0, 0, 0, 0, 0, 0, 0, 0, 0, 0, 0, 0, 0, 0, 0, 0, 0, 0, 0, 0, 0, 0, 0);
__m256i _tmp1 = _mm256_maskload_epi32((int32_t * const)arr, _mm256_set_epi32(0x80000000, 0x80000000, 0x80000000, 0x80000000, 0x80000000, 0x80000000, 0x80000000, 0x80000000));
__m256i v = _mm256_or_si256(_tmp1, _tmp0);
v = Bitonic_31_uint8_t_vec(v);
_mm256_maskstore_epi32((int32_t * const)arr, _mm256_set_epi32(0x0, 0x80000000, 0x80000000, 0x80000000, 0x80000000, 0x80000000, 0x80000000, 0x80000000), v);
const uint32_t _tmp35 = _mm256_extract_epi32(v, 7);
((_aliasing_int16_t_ *)arr)[14] = _tmp35 & 0xffff;
arr[30] = (_tmp35 >> 16) & 0xff;

}


#endif
