[[15,16], [1,14], [2,13], [3,12], [4,11], [5,10], [6,9], [7,8],
[0,15], [1,6], [2,5], [3,4], [9,14], [10,13], [11,12],
[0,7], [8,15], [1,2], [5,6], [9,10], [13,14],
[0,3], [4,7], [8,11], [12,15],
[0,1], [2,3], [4,5], [6,7], [8,9], [10,11], [12,13], [14,15],
[15,16], [1,14], [2,13], [3,12], [4,11], [5,10], [6,9], [7,8],
[0,15], [1,6], [2,5], [3,4], [9,14], [10,13], [11,12],
[0,7], [8,15], [1,2], [5,6], [9,10], [13,14],
[0,3], [4,7], [8,11], [12,15],
[0,1], [2,3], [4,5], [6,7], [8,9], [10,11], [12,13], [14,15],
[15,16], [1,14], [2,13], [3,12], [4,11], [5,10], [6,9], [7,8],
[0,15], [1,6], [2,5], [3,4], [9,14], [10,13], [11,12],
[0,7], [8,15], [1,2], [5,6], [9,10], [13,14],
[0,3], [4,7], [8,11], [12,15],
[0,1], [2,3], [4,5], [6,7], [8,9], [10,11], [12,13], [14,15],
[15,16], [1,14], [2,13], [3,12], [4,11], [5,10], [6,9], [7,8],
[0,15], [1,6], [2,5], [3,4], [9,14], [10,13], [11,12],
[0,7], [8,15], [1,2], [5,6], [9,10], [13,14],
[0,3], [4,7], [8,11], [12,15],
[0,1], [2,3], [4,5], [6,7], [8,9], [10,11], [12,13], [14,15],
[15,16], [1,14], [2,13], [3,12], [4,11], [5,10], [6,9], [7,8],
[0,15], [1,6], [2,5], [3,4], [9,14], [10,13], [11,12],
[0,7], [8,15], [1,2], [5,6], [9,10], [13,14],
[0,3], [4,7], [8,11], [12,15],
[0,1], [2,3], [4,5], [6,7], [8,9], [10,11], [12,13], [14,15]]
