[[4,27], [5,26], [6,25], [7,24], [8,23], [9,22], [10,21], [11,20], [12,19], [13,18], [14,17], [15,16],
[0,15], [1,14], [2,13], [3,12], [4,11], [5,10], [6,9], [7,8], [20,27], [21,26], [22,25], [23,24],
[0,7], [1,6], [2,5], [3,4], [8,15], [9,14], [10,13], [11,12], [16,23], [17,22], [18,21], [19,20], [24,27], [25,26],
[0,3], [1,2], [4,7], [5,6], [8,11], [9,10], [12,15], [13,14], [16,19], [17,18], [20,23], [21,22], [24,25], [26,27],
[0,1], [2,3], [4,5], [6,7], [8,9], [10,11], [12,13], [14,15], [16,17], [18,19], [20,21], [22,23],
[4,27], [5,26], [6,25], [7,24], [8,23], [9,22], [10,21], [11,20], [12,19], [13,18], [14,17], [15,16],
[0,15], [1,14], [2,13], [3,12], [4,11], [5,10], [6,9], [7,8], [20,27], [21,26], [22,25], [23,24],
[0,7], [1,6], [2,5], [3,4], [8,15], [9,14], [10,13], [11,12], [16,23], [17,22], [18,21], [19,20], [24,27], [25,26],
[0,3], [1,2], [4,7], [5,6], [8,11], [9,10], [12,15], [13,14], [16,19], [17,18], [20,23], [21,22], [24,25], [26,27],
[0,1], [2,3], [4,5], [6,7], [8,9], [10,11], [12,13], [14,15], [16,17], [18,19], [20,21], [22,23],
[4,27], [5,26], [6,25], [7,24], [8,23], [9,22], [10,21], [11,20], [12,19], [13,18], [14,17], [15,16],
[0,15], [1,14], [2,13], [3,12], [4,11], [5,10], [6,9], [7,8], [20,27], [21,26], [22,25], [23,24],
[0,7], [1,6], [2,5], [3,4], [8,15], [9,14], [10,13], [11,12], [16,23], [17,22], [18,21], [19,20], [24,27], [25,26],
[0,3], [1,2], [4,7], [5,6], [8,11], [9,10], [12,15], [13,14], [16,19], [17,18], [20,23], [21,22], [24,25], [26,27],
[0,1], [2,3], [4,5], [6,7], [8,9], [10,11], [12,13], [14,15], [16,17], [18,19], [20,21], [22,23],
[4,27], [5,26], [6,25], [7,24], [8,23], [9,22], [10,21], [11,20], [12,19], [13,18], [14,17], [15,16],
[0,15], [1,14], [2,13], [3,12], [4,11], [5,10], [6,9], [7,8], [20,27], [21,26], [22,25], [23,24],
[0,7], [1,6], [2,5], [3,4], [8,15], [9,14], [10,13], [11,12], [16,23], [17,22], [18,21], [19,20], [24,27], [25,26],
[0,3], [1,2], [4,7], [5,6], [8,11], [9,10], [12,15], [13,14], [16,19], [17,18], [20,23], [21,22], [24,25], [26,27],
[0,1], [2,3], [4,5], [6,7], [8,9], [10,11], [12,13], [14,15], [16,17], [18,19], [20,21], [22,23],
[4,27], [5,26], [6,25], [7,24], [8,23], [9,22], [10,21], [11,20], [12,19], [13,18], [14,17], [15,16],
[0,15], [1,14], [2,13], [3,12], [4,11], [5,10], [6,9], [7,8], [20,27], [21,26], [22,25], [23,24],
[0,7], [1,6], [2,5], [3,4], [8,15], [9,14], [10,13], [11,12], [16,23], [17,22], [18,21], [19,20], [24,27], [25,26],
[0,3], [1,2], [4,7], [5,6], [8,11], [9,10], [12,15], [13,14], [16,19], [17,18], [20,23], [21,22], [24,25], [26,27],
[0,1], [2,3], [4,5], [6,7], [8,9], [10,11], [12,13], [14,15], [16,17], [18,19], [20,21], [22,23]]
