[[3,12], [4,11], [5,10], [6,9], [7,8],
[0,7], [1,6], [2,5], [3,4], [11,12], [9,10],
[0,3], [1,2], [4,7], [5,6], [8,11],
[0,1], [2,3], [4,5], [6,7], [8,9], [10,11],
[3,12], [4,11], [5,10], [6,9], [7,8],
[0,7], [1,6], [2,5], [3,4], [11,12], [9,10],
[0,3], [1,2], [4,7], [5,6], [8,11],
[0,1], [2,3], [4,5], [6,7], [8,9], [10,11],
[3,12], [4,11], [5,10], [6,9], [7,8],
[0,7], [1,6], [2,5], [3,4], [11,12], [9,10],
[0,3], [1,2], [4,7], [5,6], [8,11],
[0,1], [2,3], [4,5], [6,7], [8,9], [10,11],
[3,12], [4,11], [5,10], [6,9], [7,8],
[0,7], [1,6], [2,5], [3,4], [11,12], [9,10],
[0,3], [1,2], [4,7], [5,6], [8,11],
[0,1], [2,3], [4,5], [6,7], [8,9], [10,11]]
