[[0,1],
[1,2],
[2,3], [0,1],
[3,4], [1,2],
[4,5], [2,3], [0,1],
[5,6], [3,4], [1,2],
[6,7], [4,5], [2,3], [0,1],
[7,8], [5,6], [3,4], [1,2],
[8,9], [6,7], [4,5], [2,3], [0,1],
[9,10], [7,8], [5,6], [3,4], [1,2],
[10,11], [8,9], [6,7], [4,5], [2,3], [0,1],
[11,12], [9,10], [7,8], [5,6], [3,4], [1,2],
[12,13], [10,11], [8,9], [6,7], [4,5], [2,3], [0,1],
[13,14], [11,12], [9,10], [7,8], [5,6], [3,4], [1,2],
[14,15], [12,13], [10,11], [8,9], [6,7], [4,5], [2,3], [0,1],
[15,16], [13,14], [11,12], [9,10], [7,8], [5,6], [3,4], [1,2],
[14,15], [12,13], [10,11], [8,9], [6,7], [4,5], [2,3], [0,1],
[13,14], [11,12], [9,10], [7,8], [5,6], [3,4], [1,2],
[12,13], [10,11], [8,9], [6,7], [4,5], [2,3], [0,1],
[11,12], [9,10], [7,8], [5,6], [3,4], [1,2],
[10,11], [8,9], [6,7], [4,5], [2,3], [0,1],
[9,10], [7,8], [5,6], [3,4], [1,2],
[8,9], [6,7], [4,5], [2,3], [0,1],
[7,8], [5,6], [3,4], [1,2],
[6,7], [4,5], [2,3], [0,1],
[5,6], [3,4], [1,2],
[4,5], [2,3], [0,1],
[3,4], [1,2],
[2,3], [0,1],
[1,2],
[0,1]]
