[[0,1],
[1,2],
[2,3], [0,1],
[3,4], [1,2],
[4,5], [2,3], [0,1],
[5,6], [3,4], [1,2],
[6,7], [4,5], [2,3], [0,1],
[7,8], [5,6], [3,4], [1,2],
[8,9], [6,7], [4,5], [2,3], [0,1],
[9,10], [7,8], [5,6], [3,4], [1,2],
[10,11], [8,9], [6,7], [4,5], [2,3], [0,1],
[11,12], [9,10], [7,8], [5,6], [3,4], [1,2],
[12,13], [10,11], [8,9], [6,7], [4,5], [2,3], [0,1],
[13,14], [11,12], [9,10], [7,8], [5,6], [3,4], [1,2],
[14,15], [12,13], [10,11], [8,9], [6,7], [4,5], [2,3], [0,1],
[15,16], [13,14], [11,12], [9,10], [7,8], [5,6], [3,4], [1,2],
[16,17], [14,15], [12,13], [10,11], [8,9], [6,7], [4,5], [2,3], [0,1],
[17,18], [15,16], [13,14], [11,12], [9,10], [7,8], [5,6], [3,4], [1,2],
[18,19], [16,17], [14,15], [12,13], [10,11], [8,9], [6,7], [4,5], [2,3], [0,1],
[19,20], [17,18], [15,16], [13,14], [11,12], [9,10], [7,8], [5,6], [3,4], [1,2],
[20,21], [18,19], [16,17], [14,15], [12,13], [10,11], [8,9], [6,7], [4,5], [2,3], [0,1],
[21,22], [19,20], [17,18], [15,16], [13,14], [11,12], [9,10], [7,8], [5,6], [3,4], [1,2],
[22,23], [20,21], [18,19], [16,17], [14,15], [12,13], [10,11], [8,9], [6,7], [4,5], [2,3], [0,1],
[23,24], [21,22], [19,20], [17,18], [15,16], [13,14], [11,12], [9,10], [7,8], [5,6], [3,4], [1,2],
[24,25], [22,23], [20,21], [18,19], [16,17], [14,15], [12,13], [10,11], [8,9], [6,7], [4,5], [2,3], [0,1],
[25,26], [23,24], [21,22], [19,20], [17,18], [15,16], [13,14], [11,12], [9,10], [7,8], [5,6], [3,4], [1,2],
[26,27], [24,25], [22,23], [20,21], [18,19], [16,17], [14,15], [12,13], [10,11], [8,9], [6,7], [4,5], [2,3], [0,1],
[27,28], [25,26], [23,24], [21,22], [19,20], [17,18], [15,16], [13,14], [11,12], [9,10], [7,8], [5,6], [3,4], [1,2],
[28,29], [26,27], [24,25], [22,23], [20,21], [18,19], [16,17], [14,15], [12,13], [10,11], [8,9], [6,7], [4,5], [2,3], [0,1],
[29,30], [27,28], [25,26], [23,24], [21,22], [19,20], [17,18], [15,16], [13,14], [11,12], [9,10], [7,8], [5,6], [3,4], [1,2],
[30,31], [28,29], [26,27], [24,25], [22,23], [20,21], [18,19], [16,17], [14,15], [12,13], [10,11], [8,9], [6,7], [4,5], [2,3], [0,1],
[29,30], [27,28], [25,26], [23,24], [21,22], [19,20], [17,18], [15,16], [13,14], [11,12], [9,10], [7,8], [5,6], [3,4], [1,2],
[28,29], [26,27], [24,25], [22,23], [20,21], [18,19], [16,17], [14,15], [12,13], [10,11], [8,9], [6,7], [4,5], [2,3], [0,1],
[27,28], [25,26], [23,24], [21,22], [19,20], [17,18], [15,16], [13,14], [11,12], [9,10], [7,8], [5,6], [3,4], [1,2],
[26,27], [24,25], [22,23], [20,21], [18,19], [16,17], [14,15], [12,13], [10,11], [8,9], [6,7], [4,5], [2,3], [0,1],
[25,26], [23,24], [21,22], [19,20], [17,18], [15,16], [13,14], [11,12], [9,10], [7,8], [5,6], [3,4], [1,2],
[24,25], [22,23], [20,21], [18,19], [16,17], [14,15], [12,13], [10,11], [8,9], [6,7], [4,5], [2,3], [0,1],
[23,24], [21,22], [19,20], [17,18], [15,16], [13,14], [11,12], [9,10], [7,8], [5,6], [3,4], [1,2],
[22,23], [20,21], [18,19], [16,17], [14,15], [12,13], [10,11], [8,9], [6,7], [4,5], [2,3], [0,1],
[21,22], [19,20], [17,18], [15,16], [13,14], [11,12], [9,10], [7,8], [5,6], [3,4], [1,2],
[20,21], [18,19], [16,17], [14,15], [12,13], [10,11], [8,9], [6,7], [4,5], [2,3], [0,1],
[19,20], [17,18], [15,16], [13,14], [11,12], [9,10], [7,8], [5,6], [3,4], [1,2],
[18,19], [16,17], [14,15], [12,13], [10,11], [8,9], [6,7], [4,5], [2,3], [0,1],
[17,18], [15,16], [13,14], [11,12], [9,10], [7,8], [5,6], [3,4], [1,2],
[16,17], [14,15], [12,13], [10,11], [8,9], [6,7], [4,5], [2,3], [0,1],
[15,16], [13,14], [11,12], [9,10], [7,8], [5,6], [3,4], [1,2],
[14,15], [12,13], [10,11], [8,9], [6,7], [4,5], [2,3], [0,1],
[13,14], [11,12], [9,10], [7,8], [5,6], [3,4], [1,2],
[12,13], [10,11], [8,9], [6,7], [4,5], [2,3], [0,1],
[11,12], [9,10], [7,8], [5,6], [3,4], [1,2],
[10,11], [8,9], [6,7], [4,5], [2,3], [0,1],
[9,10], [7,8], [5,6], [3,4], [1,2],
[8,9], [6,7], [4,5], [2,3], [0,1],
[7,8], [5,6], [3,4], [1,2],
[6,7], [4,5], [2,3], [0,1],
[5,6], [3,4], [1,2],
[4,5], [2,3], [0,1],
[3,4], [1,2],
[2,3], [0,1],
[1,2],
[0,1]]
