[[0,1], [2,3], [4,5], [6,7], [8,9], [10,11], [12,13], [14,15],
[0,2], [1,3], [4,6], [5,7], [8,10], [9,11], [12,14], [13,15],
[1,2], [5,6], [0,4], [3,7], [9,10], [13,14], [8,12], [11,15],
[1,5], [2,6], [9,13], [10,14], [0,8], [7,15],
[1,4], [3,6], [9,12], [11,14], [0,16],
[2,4], [3,5], [10,12], [11,13], [1,9], [6,14],
[3,4], [11,12], [1,8], [2,10], [5,13], [7,14],
[3,11], [2,8], [4,12], [7,13], [1,16],
[3,10], [5,12], [2,16],
[3,9], [6,12],
[3,8], [7,12], [5,9], [6,10],
[4,8], [7,11], [3,16],
[5,8], [7,10], [4,16],
[6,8], [7,9], [5,16],
[7,8], [6,16],
[7,16],
[8,16],
[9,16],
[10,16],
[11,16],
[12,16],
[13,16],
[14,16],
[15,16]]
