[[0,1], [2,3], [4,5], [6,7], [8,9], [10,11], [12,13], [14,15], [16,17], [18,19], [20,21], [22,23], [24,25], [26,27],
[0,2], [1,3], [4,6], [5,7], [8,10], [9,11], [12,14], [13,15], [16,18], [17,19], [20,22], [21,23], [24,26], [25,27],
[1,2], [5,6], [0,4], [3,7], [9,10], [13,14], [8,12], [11,15], [17,18], [21,22], [16,20], [19,23], [25,26], [24,28],
[1,5], [2,6], [9,13], [10,14], [0,8], [7,15], [17,21], [18,22], [25,28], [16,24],
[1,4], [3,6], [9,12], [11,14], [17,20], [19,22], [26,28], [0,16],
[2,4], [3,5], [10,12], [11,13], [1,9], [6,14], [18,20], [19,21], [27,28], [17,25],
[3,4], [11,12], [1,8], [2,10], [5,13], [7,14], [19,20], [17,24], [18,26],
[3,11], [2,8], [4,12], [7,13], [19,27], [18,24], [20,28], [1,17],
[3,10], [5,12], [19,26], [21,28], [1,16], [2,18],
[3,9], [6,12], [19,25], [22,28], [2,16],
[3,8], [7,12], [5,9], [6,10], [19,24], [23,28], [21,25], [22,26],
[4,8], [7,11], [20,24], [23,27], [3,19], [12,28],
[5,8], [7,10], [21,24], [23,26], [3,18], [4,20], [11,27], [13,28],
[6,8], [7,9], [22,24], [23,25], [3,17], [5,21], [10,26], [14,28],
[7,8], [23,24], [3,16], [5,20], [6,22], [9,25], [11,26], [15,28],
[7,23], [6,20], [4,16], [5,17], [8,24], [11,25], [14,26], [15,27],
[7,22], [5,16], [6,18], [9,24], [13,25], [15,26],
[7,21], [6,16], [10,24], [15,25],
[7,20], [11,24],
[7,19], [12,24],
[7,18], [13,24], [11,19], [12,20],
[7,17], [14,24], [10,18], [13,21],
[7,16], [15,24], [9,17], [11,18], [13,20], [14,22],
[8,16], [11,17], [15,23], [14,20],
[9,16], [15,22], [13,17], [14,18],
[10,16], [15,21],
[11,16], [15,20],
[12,16], [15,19],
[13,16], [15,18],
[14,16], [15,17],
[15,16]]
