[[0,1], [2,3], [4,5], [7,8], [9,10], [12,13], [14,15], [17,18],
[1,2], [0,3], [6,7], [11,12], [16,18],
[0,1], [2,3], [7,8], [4,6], [12,13], [9,11], [16,17], [15,18],
[6,8], [5,7], [0,4], [11,13], [10,12], [15,16], [14,17],
[7,8], [5,6], [12,13], [10,11], [14,15], [16,17],
[4,8], [1,7], [2,6], [3,5], [13,17], [12,18], [11,15], [10,16],
[6,8], [5,7], [2,4], [1,3], [9,13], [12,14], [17,18],
[7,8], [5,6], [3,4], [1,2], [9,11], [10,12], [13,15], [14,16],
[9,10], [11,12], [13,14], [15,16], [7,17], [6,18],
[8,16], [7,9], [6,10], [5,11], [4,12], [3,13], [2,14], [1,15],
[0,8], [3,7], [2,6], [1,5], [9,13], [10,14], [11,15], [16,18],
[0,4], [1,3], [5,7], [8,12], [9,11], [13,15], [16,17],
[0,2], [4,6], [8,10], [12,14],
[0,1], [2,3], [4,5], [6,7], [8,9], [10,11], [12,13], [14,15]]
