[[1,2], [3,4], [5,6], [7,8], [9,10], [11,12], [13,14], [15,16], [17,18], [19,20], [21,22], [23,24], [25,26], [27,28], [29,30],
[0,1], [4,5], [3,6], [8,9], [7,10], [11,14], [12,13], [16,17], [15,18], [19,22], [20,21], [23,26], [24,25], [28,29], [27,30],
[1,2], [3,4], [5,6], [7,8], [9,10], [13,14], [11,12], [15,16], [17,18], [21,22], [19,20], [25,26], [23,24], [27,28], [29,30],
[2,4], [1,5], [0,6], [7,14], [8,13], [9,12], [10,11], [15,22], [16,21], [17,20], [18,19], [26,27], [25,28], [24,29], [23,30],
[0,2], [1,3], [4,6], [12,14], [11,13], [7,9], [8,10], [20,22], [19,21], [15,17], [16,18], [24,26], [23,25], [27,29], [28,30],
[0,1], [2,3], [4,5], [13,14], [11,12], [9,10], [7,8], [21,22], [19,20], [17,18], [15,16], [23,24], [25,26], [27,28], [29,30],
[0,13], [1,12], [2,11], [3,10], [4,9], [5,8], [6,7], [22,23], [21,24], [20,25], [19,26], [18,27], [17,28], [16,29], [15,30],
[9,13], [8,12], [7,11], [10,14], [0,4], [1,5], [2,6], [18,22], [17,21], [16,20], [15,19], [23,27], [24,28], [25,29], [26,30],
[11,13], [12,14], [7,9], [8,10], [4,6], [3,5], [0,2], [16,18], [15,17], [20,22], [19,21], [23,25], [24,26], [27,29], [28,30],
[13,14], [11,12], [9,10], [7,8], [5,6], [3,4], [1,2], [15,16], [17,18], [19,20], [21,22], [23,24], [25,26], [27,28], [29,30],
[14,16], [13,17], [12,18], [11,19], [10,20], [9,21], [8,22], [7,23], [6,24], [5,25], [4,26], [3,27], [2,28], [1,29], [0,30],
[6,14], [5,13], [4,12], [3,11], [2,10], [1,9], [0,8], [7,15], [16,24], [17,25], [18,26], [19,27], [20,28], [21,29], [22,30],
[2,6], [1,5], [0,4], [3,7], [10,14], [9,13], [8,12], [11,15], [16,20], [17,21], [18,22], [19,23], [24,28], [25,29], [26,30],
[0,2], [1,3], [4,6], [5,7], [8,10], [9,11], [12,14], [13,15], [16,18], [17,19], [20,22], [21,23], [24,26], [25,27], [28,30],
[0,1], [2,3], [4,5], [6,7], [8,9], [10,11], [12,13], [14,15], [16,17], [18,19], [20,21], [22,23], [24,25], [26,27], [28,29]]
