[[1,2], [4,5], [7,8], [10,11], [13,14], [16,17], [19,20], [22,23],
[0,1], [3,5], [6,8], [9,10], [12,14], [15,16], [18,19], [21,23],
[1,2], [3,4], [6,7], [10,11], [12,13], [16,17], [19,20], [21,22],
[2,4], [1,5], [6,10], [7,9], [12,16], [13,15], [20,22], [19,23],
[0,2], [1,3], [4,5], [8,10], [9,11], [6,7], [14,16], [15,17], [12,13], [18,20], [19,21], [22,23],
[0,1], [2,3], [10,11], [8,9], [16,17], [14,15], [18,19], [20,21],
[0,9], [1,8], [2,7], [3,6], [17,20], [16,21], [15,22], [14,23],
[4,9], [5,8], [7,11], [6,10], [0,2], [1,3], [13,17], [12,16], [15,18], [14,19], [20,22], [21,23],
[9,11], [8,10], [4,7], [5,6], [2,3], [0,1], [13,15], [12,14], [17,18], [16,19], [20,21], [22,23],
[10,11], [8,9], [6,7], [4,5], [12,13], [14,15], [16,17], [18,19],
[11,16], [10,17], [9,18], [8,19], [7,20], [6,21], [5,22], [4,23],
[3,11], [2,10], [1,9], [0,8], [7,12], [6,13], [5,14], [4,15], [16,20], [17,21], [18,22], [19,23],
[3,7], [2,6], [1,5], [0,4], [11,12], [10,13], [9,14], [8,15], [16,18], [17,19], [20,22], [21,23],
[1,3], [0,2], [5,7], [4,6], [9,11], [8,10], [12,14], [13,15], [16,17], [18,19], [20,21], [22,23],
[0,1], [2,3], [4,5], [6,7], [8,9], [10,11], [12,13], [14,15]]
