[[0,1], [2,3], [4,5], [6,7], [8,9], [10,11], [12,13], [15,16],
[1,2], [0,3], [4,7], [5,6], [8,11], [9,10], [14,16],
[0,1], [2,3], [6,7], [4,5], [10,11], [8,9], [14,15], [13,16],
[0,7], [1,6], [2,5], [3,4], [13,14], [12,15], [11,16],
[5,7], [4,6], [0,2], [1,3], [12,13], [14,15],
[6,7], [4,5], [2,3], [0,1], [11,12], [10,13], [9,14], [8,15],
[9,11], [8,10], [12,14], [13,15], [7,16],
[8,9], [10,11], [12,13], [14,15],
[7,8], [6,9], [5,10], [4,11], [3,12], [2,13], [1,14], [0,15],
[3,7], [2,6], [1,5], [0,4], [8,12], [9,13], [10,14], [11,15],
[1,3], [0,2], [5,7], [4,6], [8,10], [9,11], [12,14], [13,15],
[0,1], [2,3], [4,5], [6,7], [8,9], [10,11], [12,13], [14,15]]
