[[0,1], [2,3], [4,5], [6,7], [8,9], [10,11], [12,13], [14,15], [16,17], [18,19], [20,21], [22,23], [24,25], [26,27], [28,29], [30,31],
[0,3], [1,2], [5,6], [4,7], [9,10], [8,11], [12,15], [13,14], [17,18], [16,19], [20,23], [21,22], [24,27], [25,26], [29,30], [28,31],
[2,3], [0,1], [4,5], [6,7], [8,9], [10,11], [14,15], [12,13], [16,17], [18,19], [22,23], [20,21], [26,27], [24,25], [28,29], [30,31],
[3,4], [2,5], [1,6], [0,7], [8,15], [9,14], [10,13], [11,12], [16,23], [17,22], [18,21], [19,20], [27,28], [26,29], [25,30], [24,31],
[1,3], [0,2], [4,6], [5,7], [13,15], [12,14], [8,10], [9,11], [21,23], [20,22], [16,18], [17,19], [25,27], [24,26], [28,30], [29,31],
[0,1], [2,3], [4,5], [6,7], [14,15], [12,13], [10,11], [8,9], [22,23], [20,21], [18,19], [16,17], [24,25], [26,27], [28,29], [30,31],
[0,15], [1,14], [2,13], [3,12], [4,11], [5,10], [6,9], [7,8], [23,24], [22,25], [21,26], [20,27], [19,28], [18,29], [17,30], [16,31],
[11,15], [10,14], [9,13], [8,12], [0,4], [1,5], [2,6], [3,7], [19,23], [18,22], [17,21], [16,20], [24,28], [25,29], [26,30], [27,31],
[13,15], [12,14], [9,11], [8,10], [4,6], [5,7], [0,2], [1,3], [17,19], [16,18], [21,23], [20,22], [24,26], [25,27], [28,30], [29,31],
[14,15], [12,13], [10,11], [8,9], [6,7], [4,5], [2,3], [0,1], [16,17], [18,19], [20,21], [22,23], [24,25], [26,27], [28,29], [30,31],
[15,16], [14,17], [13,18], [12,19], [11,20], [10,21], [9,22], [8,23], [7,24], [6,25], [5,26], [4,27], [3,28], [2,29], [1,30], [0,31],
[7,15], [6,14], [5,13], [4,12], [3,11], [2,10], [1,9], [0,8], [16,24], [17,25], [18,26], [19,27], [20,28], [21,29], [22,30], [23,31],
[3,7], [2,6], [1,5], [0,4], [11,15], [10,14], [9,13], [8,12], [16,20], [17,21], [18,22], [19,23], [24,28], [25,29], [26,30], [27,31],
[1,3], [0,2], [5,7], [4,6], [9,11], [8,10], [13,15], [12,14], [16,18], [17,19], [20,22], [21,23], [24,26], [25,27], [28,30], [29,31],
[0,1], [2,3], [4,5], [6,7], [8,9], [10,11], [12,13], [14,15], [16,17], [18,19], [20,21], [22,23], [24,25], [26,27], [28,29], [30,31]]
