[[1,2], [3,4], [5,6], [8,9], [10,11], [12,13], [15,16], [17,18], [19,20], [22,23], [24,25], [26,27],
[0,1], [4,5], [3,6], [7,9], [10,13], [11,12], [14,16], [17,20], [18,19], [21,22], [25,26], [24,27],
[1,2], [3,4], [5,6], [7,8], [12,13], [10,11], [14,15], [19,20], [17,18], [22,23], [24,25], [26,27],
[2,4], [1,5], [0,6], [7,12], [8,11], [9,10], [14,19], [15,18], [16,17], [23,25], [22,26], [21,27],
[0,2], [1,3], [4,6], [10,12], [11,13], [7,9], [17,19], [18,20], [14,16], [21,23], [22,24], [25,27],
[0,1], [2,3], [4,5], [12,13], [10,11], [8,9], [19,20], [17,18], [15,16], [21,22], [23,24], [25,26],
[0,12], [1,11], [2,10], [3,9], [4,8], [5,7], [20,22], [19,23], [18,24], [17,25], [16,26], [15,27],
[8,12], [7,11], [6,10], [9,13], [0,4], [1,5], [16,20], [15,19], [14,18], [17,21], [22,26], [23,27],
[10,12], [11,13], [6,8], [7,9], [2,4], [3,5], [0,1], [14,16], [15,17], [18,20], [19,21], [22,24], [23,25], [26,27],
[12,13], [10,11], [8,9], [6,7], [4,5], [2,3], [14,15], [16,17], [18,19], [20,21], [22,23], [24,25],
[13,16], [12,17], [11,18], [10,19], [9,20], [8,21], [7,22], [6,23], [5,24], [4,25], [3,26], [2,27],
[5,13], [4,12], [3,11], [2,10], [1,9], [0,8], [7,14], [6,15], [16,24], [17,25], [18,26], [19,27],
[1,5], [0,4], [3,7], [2,6], [9,13], [8,12], [11,14], [10,15], [16,20], [17,21], [18,22], [19,23], [24,26], [25,27],
[1,3], [0,2], [5,7], [4,6], [9,11], [8,10], [13,14], [12,15], [16,18], [17,19], [20,22], [21,23], [24,25], [26,27],
[0,1], [2,3], [4,5], [6,7], [8,9], [10,11], [12,13], [14,15], [16,17], [18,19], [20,21], [22,23]]
