[[1,2], [4,5], [7,8], [9,10], [11,12], [14,15], [16,17], [18,19], [21,22], [23,24], [25,26],
[0,1], [3,5], [6,8], [9,12], [10,11], [13,15], [16,19], [17,18], [20,21], [24,25], [23,26],
[1,2], [3,4], [6,7], [11,12], [9,10], [13,14], [18,19], [16,17], [21,22], [23,24], [25,26],
[2,4], [1,5], [6,11], [7,10], [8,9], [13,18], [14,17], [15,16], [22,24], [21,25], [20,26],
[0,2], [1,3], [4,5], [9,11], [10,12], [6,8], [16,18], [17,19], [13,15], [20,22], [21,23], [24,26],
[0,1], [2,3], [11,12], [9,10], [7,8], [4,6], [18,19], [16,17], [14,15], [20,21], [22,23], [24,25],
[0,10], [1,9], [2,8], [3,7], [19,21], [18,22], [17,23], [16,24], [15,25], [14,26],
[6,10], [5,9], [8,12], [7,11], [0,4], [1,3], [15,19], [14,18], [13,17], [16,20], [21,25], [22,26],
[10,12], [9,11], [6,8], [5,7], [2,4], [13,15], [14,16], [17,19], [18,20], [21,23], [22,24], [25,26],
[11,12], [9,10], [7,8], [5,6], [3,4], [1,2], [13,14], [15,16], [17,18], [19,20], [21,22], [23,24],
[12,16], [11,17], [10,18], [9,19], [8,20], [7,21], [6,22], [5,23], [4,24], [3,25], [2,26],
[4,12], [3,11], [2,10], [1,9], [0,8], [7,13], [6,14], [5,15], [16,24], [17,25], [18,26], [19,23],
[0,4], [3,7], [2,6], [1,5], [8,12], [11,13], [10,14], [9,15], [16,20], [17,21], [18,22], [24,26],
[0,2], [1,3], [4,6], [5,7], [8,10], [9,11], [12,14], [13,15], [16,18], [17,19], [20,22], [21,23], [24,25],
[0,1], [2,3], [4,5], [6,7], [8,9], [10,11], [12,13], [14,15], [16,17], [18,19], [20,21], [22,23]]
