[[0,1], [3,4], [6,7], [9,10], [11,12], [14,15], [17,18], [20,21],
[2,4], [5,7], [8,9], [13,14], [16,17], [19,21],
[2,3], [1,4], [5,6], [9,10], [14,15], [11,13], [17,18], [19,20],
[1,2], [0,3], [5,9], [6,8], [13,15], [12,14], [18,20], [17,21],
[0,1], [2,3], [7,9], [8,10], [5,6], [14,15], [12,13], [16,18], [17,19], [20,21],
[9,10], [7,8], [1,6], [2,5], [16,17], [18,19], [14,20], [13,21],
[0,7], [6,10], [5,9], [3,8], [15,19], [14,16], [13,17], [12,18],
[4,7], [8,10], [3,6], [0,2], [11,15], [12,14], [16,18], [19,21],
[7,9], [4,5], [1,2], [11,13], [15,17], [19,20],
[9,10], [7,8], [5,6], [3,4], [11,12], [13,14], [15,16], [17,18],
[10,16], [9,17], [8,18], [7,19], [6,20], [5,21], [4,14], [3,15],
[2,10], [1,9], [0,8], [7,11], [6,12], [5,13], [16,20], [17,21],
[2,6], [1,5], [0,4], [3,7], [10,12], [9,13], [8,14], [11,15], [16,18], [17,19], [20,21],
[0,2], [1,3], [4,6], [5,7], [8,10], [9,11], [12,14], [13,15], [16,17], [18,19],
[0,1], [2,3], [4,5], [6,7], [8,9], [10,11], [12,13], [14,15]]
