[[0,1], [2,3], [4,5], [7,8], [9,10], [11,12], [13,14], [16,17],
[1,2], [0,3], [6,7], [9,12], [10,11], [15,17],
[0,1], [2,3], [7,8], [4,6], [11,12], [9,10], [15,16], [14,17],
[6,8], [5,7], [0,4], [14,15], [13,16], [12,17],
[7,8], [5,6], [13,14], [15,16],
[4,8], [1,7], [2,6], [3,5], [12,13], [11,14], [10,15], [9,16],
[6,8], [5,7], [2,4], [1,3], [10,12], [9,11], [13,15], [14,16],
[7,8], [5,6], [3,4], [1,2], [9,10], [11,12], [13,14], [15,16],
[8,16], [7,17], [6,10], [5,11], [4,12], [3,13], [2,14], [1,15],
[0,8], [7,9], [2,6], [1,5], [10,14], [11,15], [16,17],
[0,4], [3,7], [8,12], [9,13],
[0,2], [1,3], [4,6], [5,7], [8,10], [9,11], [12,14], [13,15],
[0,1], [2,3], [4,5], [6,7], [8,9], [10,11], [12,13], [14,15]]
