[[1,2], [3,4], [5,6], [7,8], [9,10], [11,12], [13,14],
[0,2], [3,6], [4,5], [7,10], [8,9], [12,13], [11,14],
[0,1], [5,6], [3,4], [9,10], [7,8], [11,12], [13,14],
[0,5], [1,4], [2,3], [10,11], [9,12], [8,13], [7,14],
[3,5], [4,6], [0,2], [8,10], [7,9], [11,13], [12,14],
[5,6], [3,4], [1,2], [7,8], [9,10], [11,12], [13,14],
[6,8], [5,9], [4,10], [3,11], [2,12], [1,13], [0,14],
[2,6], [1,5], [0,4], [3,7], [8,12], [9,13], [10,14],
[0,2], [1,3], [4,6], [5,7], [8,10], [9,11], [12,14],
[0,1], [2,3], [4,5], [6,7], [8,9], [10,11], [12,13]]
