[[1,2], [3,4], [5,6], [7,8], [9,10], [11,12], [13,14], [16,17], [18,19], [20,21], [22,23], [24,25], [26,27], [28,29],
[0,1], [4,5], [3,6], [8,9], [7,10], [11,14], [12,13], [15,17], [18,21], [19,20], [22,25], [23,24], [27,28], [26,29],
[1,2], [3,4], [5,6], [7,8], [9,10], [13,14], [11,12], [15,16], [20,21], [18,19], [24,25], [22,23], [26,27], [28,29],
[2,4], [1,5], [0,6], [7,14], [8,13], [9,12], [10,11], [15,20], [16,19], [17,18], [25,26], [24,27], [23,28], [22,29],
[0,2], [1,3], [4,6], [12,14], [11,13], [7,9], [8,10], [18,20], [19,21], [15,17], [23,25], [22,24], [26,28], [27,29],
[0,1], [2,3], [4,5], [13,14], [11,12], [9,10], [7,8], [20,21], [18,19], [16,17], [22,23], [24,25], [26,27], [28,29],
[0,13], [1,12], [2,11], [3,10], [4,9], [5,8], [6,7], [21,23], [20,24], [19,25], [18,26], [17,27], [16,28], [15,29],
[9,13], [8,12], [7,11], [10,14], [0,4], [1,5], [2,6], [17,21], [16,20], [15,19], [18,22], [23,27], [24,28], [25,29],
[11,13], [12,14], [7,9], [8,10], [4,6], [3,5], [0,2], [15,17], [16,18], [19,21], [20,22], [23,25], [24,26], [27,29],
[13,14], [11,12], [9,10], [7,8], [5,6], [3,4], [1,2], [15,16], [17,18], [19,20], [21,22], [23,24], [25,26], [27,28],
[14,16], [13,17], [12,18], [11,19], [10,20], [9,21], [8,22], [7,23], [6,24], [5,25], [4,26], [3,27], [2,28], [1,29],
[6,14], [5,13], [4,12], [3,11], [2,10], [1,9], [0,8], [7,15], [16,24], [17,25], [18,26], [19,27], [20,28], [21,29],
[2,6], [1,5], [0,4], [3,7], [10,14], [9,13], [8,12], [11,15], [16,20], [17,21], [18,22], [19,23], [24,28], [25,29],
[0,2], [1,3], [4,6], [5,7], [8,10], [9,11], [12,14], [13,15], [16,18], [17,19], [20,22], [21,23], [24,26], [25,27], [28,29],
[0,1], [2,3], [4,5], [6,7], [8,9], [10,11], [12,13], [14,15], [16,17], [18,19], [20,21], [22,23], [24,25], [26,27]]
