[[0,1], [3,4], [6,7], [9,10], [12,13], [15,16], [18,19], [21,22],
[2,4], [5,7], [8,9], [11,13], [14,15], [17,18], [20,22],
[2,3], [1,4], [5,6], [9,10], [11,12], [15,16], [18,19], [20,21],
[1,2], [0,3], [5,9], [6,8], [11,15], [12,14], [19,21], [18,22],
[0,1], [2,3], [7,9], [8,10], [5,6], [13,15], [14,16], [11,12], [17,19], [18,20], [21,22],
[9,10], [7,8], [1,6], [2,5], [15,16], [13,14], [17,18], [19,20],
[0,7], [6,10], [5,9], [3,8], [16,19], [15,20], [14,21], [13,22],
[4,7], [8,10], [3,6], [0,2], [12,16], [11,15], [14,17], [13,18], [19,21], [20,22],
[7,9], [4,5], [1,2], [12,14], [11,13], [16,17], [15,18], [19,20], [21,22],
[9,10], [7,8], [5,6], [3,4], [11,12], [13,14], [15,16], [17,18],
[10,16], [9,17], [8,18], [7,19], [6,20], [5,21], [4,22], [3,15],
[2,10], [1,9], [0,8], [7,11], [6,12], [5,13], [4,14], [16,20], [17,21], [18,22],
[2,6], [1,5], [0,4], [3,7], [10,12], [9,13], [8,14], [11,15], [16,18], [17,19], [20,22],
[0,2], [1,3], [4,6], [5,7], [8,10], [9,11], [12,14], [13,15], [16,17], [18,19], [20,21],
[0,1], [2,3], [4,5], [6,7], [8,9], [10,11], [12,13], [14,15]]
