[[0,1], [3,4], [5,6], [8,9], [10,11], [13,14], [15,16], [18,19],
[2,4], [7,8], [12,13], [17,19],
[2,3], [1,4], [8,9], [5,7], [13,14], [10,12], [17,18], [16,19],
[1,2], [0,3], [7,9], [6,8], [12,14], [11,13], [16,17], [15,18],
[0,1], [2,3], [8,9], [6,7], [13,14], [11,12], [15,16], [17,18],
[0,6], [1,5], [2,8], [3,7], [14,18], [13,19], [12,16], [11,17],
[4,6], [5,9], [0,1], [10,14], [13,15], [18,19],
[6,8], [7,9], [2,4], [3,5], [10,12], [11,13], [14,16], [15,17],
[8,9], [6,7], [4,5], [2,3], [10,11], [12,13], [14,15], [16,17],
[9,16], [8,17], [7,18], [6,19], [5,12], [4,13], [3,14], [2,15],
[1,9], [0,8], [7,10], [6,11], [16,18], [17,19],
[1,5], [0,4], [3,7], [2,6], [9,12], [8,13], [10,14], [11,15], [16,17], [18,19],
[1,3], [0,2], [5,7], [4,6], [9,10], [8,11], [12,14], [13,15],
[0,1], [2,3], [4,5], [6,7], [8,9], [10,11], [12,13], [14,15]]
