[[0,1], [2,3], [4,5], [6,7], [8,9], [10,11], [12,13], [14,15], [16,17], [18,19], [20,21],
[0,2], [1,3], [4,6], [5,7], [8,10], [9,11], [12,14], [13,15], [16,18], [17,19],
[1,2], [5,6], [0,4], [3,7], [9,10], [13,14], [8,12], [11,15], [17,18], [16,20],
[2,6], [1,5], [10,14], [9,13], [0,8], [7,15], [18,20], [17,21],
[2,4], [3,5], [10,12], [11,13], [19,21], [17,18], [0,16],
[1,2], [3,4], [5,6], [9,10], [11,12], [13,14], [19,20],
[4,12], [2,10], [6,14], [1,9], [5,13], [3,11], [18,20], [19,21],
[4,8], [6,10], [5,9], [7,11], [17,18], [19,20],
[2,4], [6,8], [10,12], [3,5], [7,9], [11,13],
[1,2], [3,4], [5,6], [7,8], [9,10], [11,12], [13,14],
[8,16], [4,20], [2,18], [1,17], [5,21], [3,19],
[12,20], [4,8], [10,18], [9,17], [13,21], [11,19],
[12,16], [6,10], [14,18], [2,4], [5,9], [13,17], [7,11], [15,19],
[6,8], [10,12], [14,16], [18,20], [3,5], [7,9], [11,13], [15,17], [19,21], [1,2],
[3,4], [5,6], [7,8], [9,10], [11,12], [13,14], [15,16], [17,18], [19,20]]
