[[0,1], [2,3], [4,5], [6,7], [8,9], [10,11], [12,13], [14,15], [16,17], [18,19], [20,21], [22,23], [24,25], [26,27],
[0,2], [1,3], [4,6], [5,7], [8,10], [9,11], [12,14], [13,15], [16,18], [17,19], [20,22], [21,23], [24,26], [25,27],
[1,2], [5,6], [0,4], [3,7], [9,10], [13,14], [8,12], [11,15], [17,18], [21,22], [16,20], [19,23], [25,26],
[2,6], [1,5], [10,14], [9,13], [0,8], [7,15], [18,22], [17,21], [25,26], [16,24],
[2,4], [3,5], [10,12], [11,13], [18,20], [19,21], [0,16],
[1,2], [3,4], [5,6], [9,10], [11,12], [13,14], [17,18], [19,20], [21,22],
[4,12], [2,10], [6,14], [1,9], [5,13], [3,11], [20,24], [18,26], [17,25], [19,27],
[4,8], [6,10], [5,9], [7,11], [22,26], [18,20], [21,25], [23,27],
[2,4], [6,8], [10,12], [3,5], [7,9], [11,13], [22,24], [19,21], [23,25], [17,18],
[1,2], [3,4], [5,6], [7,8], [9,10], [11,12], [13,14], [19,20], [21,22], [23,24], [25,26],
[8,24], [4,20], [2,18], [10,26], [6,22], [1,17], [9,25], [5,21], [3,19], [11,27], [7,23],
[8,16], [12,20], [10,18], [14,22], [9,17], [13,21], [11,19], [15,23],
[4,8], [12,16], [20,24], [6,10], [14,18], [22,26], [5,9], [13,17], [21,25], [7,11], [15,19], [23,27],
[2,4], [6,8], [10,12], [14,16], [18,20], [22,24], [3,5], [7,9], [11,13], [15,17], [19,21], [23,25],
[1,2], [3,4], [5,6], [7,8], [9,10], [11,12], [13,14], [15,16], [17,18], [19,20], [21,22], [23,24], [25,26]]
